Teil,Datum,F_NiU_EoD_Bestand,F_NiU_Hinterlegter SiBe,EoD_Bestand_noSiBe,WBZ_Days,Price_Material_var,EoD_Bestand_noSiBe_log1p,DeficitPos_log1p,DemandMean_100_log1p,DemandMax_100_log1p,DemandMean_66_log1p,DemandMax_66_log1p,DemandMean_50_log1p,DemandMax_50_log1p,DemandMean_25_log1p,DemandMax_25_log1p,Lag_EoD_Bestand_noSiBe_mean_7Tage,Lag_EoD_Bestand_noSiBe_mean_28Tage,Lag_EoD_Bestand_noSiBe_mean_wbzTage,Lag_EoD_Bestand_noSiBe_mean_2xwbzTage,L_WBZ_BlockMinAbs,pred_L_WBZ_BlockMinAbs,Hinterlegter SiBe
8400206,2025-10-17,56705.0,20000.0,36705.0,77.0,0.00743,10.510695508418417,0.0,6.461407297877284,8.53954159508,6.354574623449455,8.350666240520924,6.318778432410509,8.350666240520924,6.206682033149771,8.350666240520924,43772.0,33212.857142857145,24921.44155844156,26034.62987012987,0.0,814.0349,20000.0
8400206,2025-10-18,56705.0,20000.0,36705.0,77.0,0.00743,10.510695508418417,0.0,6.463961008223354,8.53954159508,6.369665929688346,8.350666240520924,6.2859000793164315,8.350666240520924,6.252917465251447,8.350666240520924,42466.57142857143,34035.357142857145,25359.272727272728,26087.733766233767,0.0,814.0349,20000.0
8400206,2025-10-19,56705.0,20000.0,36705.0,77.0,0.00743,10.510695508418417,0.0,6.463961008223354,8.53954159508,6.359539944492916,8.350666240520924,6.159039751025649,8.350666240520924,6.252917465251447,8.350666240520924,41161.142857142855,34857.857142857145,25797.103896103898,26140.83766233766,0.0,814.0349,20000.0
8400206,2025-10-20,56506.0,20000.0,36506.0,77.0,0.00743,10.50525930200491,0.0,6.463961008223354,8.53954159508,6.298264179494242,8.350666240520924,6.081437542943754,8.350666240520924,6.242530406486502,8.350666240520924,39855.71428571428,35680.357142857145,26234.935064935064,26193.94155844156,0.0,814.0349,20000.0
8400206,2025-10-21,55996.0,20000.0,35996.0,77.0,0.00743,10.491190880632498,0.0,6.417623151168128,8.53954159508,6.305416180365966,8.350666240520924,6.093332127458466,8.350666240520924,6.237090310955622,8.350666240520924,38534.142857142855,36504.75,26701.81818181818,26259.03896103896,0.0,814.0349,20000.0
8400206,2025-10-22,52326.0,20000.0,32326.0,77.0,0.00743,10.383658073342485,0.0,6.314958682707938,8.389132521348719,6.323515258471318,8.350666240520924,6.123185090608147,8.350666240520924,6.2882497964735045,8.350666240520924,37307.28571428572,37310.92857142857,27228.467532467534,26324.694805194806,0.0,482.8238,20000.0
8400206,2025-10-23,49226.0,20000.0,29226.0,77.0,0.00743,10.282848218558184,0.0,6.397665315287838,8.389132521348719,6.444910279222427,8.350666240520924,6.315167634112661,8.350666240520924,6.594917328754501,8.350666240520924,36013.42857142857,38001.28571428572,27195.376623376622,26385.694805194806,0.0,482.8238,20000.0
8400206,2025-10-24,48111.0,20000.0,28111.0,77.0,0.00743,10.243951810426879,0.0,6.456463792168374,8.389132521348719,6.508915235413071,8.350666240520924,6.452795811448831,8.350666240520924,6.7962943220682615,8.350666240520924,34881.28571428572,38229.03571428572,27125.922077922078,26426.564935064936,0.0,482.8238,20000.0
8400206,2025-10-25,48111.0,20000.0,28111.0,77.0,0.00743,10.243951810426879,0.0,6.478948431158128,8.389132521348719,6.540973409296843,8.350666240520924,6.424655745170602,8.350666240520924,6.859835788298096,8.350666240520924,33653.57142857143,38435.03571428572,27041.987012987014,26460.194805194806,0.0,482.8238,20000.0
8400206,2025-10-26,48111.0,20000.0,28111.0,77.0,0.00743,10.243951810426879,0.0,6.478948431158128,8.389132521348719,6.481457012763269,8.350666240520924,6.281922368863921,8.350666240520924,6.859835788298096,8.350666240520924,32425.85714285714,38641.03571428572,26958.051948051947,26493.824675324675,0.0,482.8238,20000.0
8400206,2025-10-27,47810.0,20000.0,27810.0,77.0,0.00743,10.233186904869912,0.0,6.478948431158128,8.389132521348719,6.3817496604054105,8.350666240520924,6.252258753768584,8.350666240520924,6.859835788298096,8.350666240520924,31198.14285714286,38847.03571428572,26874.116883116883,26527.454545454544,0.0,482.8238,20000.0
8400206,2025-10-28,47810.0,20000.0,27810.0,77.0,0.00743,10.233186904869912,0.0,6.484932603928071,8.389132521348719,6.391687179251297,8.350666240520924,6.2644002666834755,8.350666240520924,6.876318925770692,8.350666240520924,29955.85714285714,38842.0,26786.272727272728,26560.01948051948,0.0,482.8238,20000.0
8400206,2025-10-29,45772.0,20000.0,25772.0,77.0,0.00743,10.157082711306167,0.0,6.464992801713437,8.389132521348719,6.391687179251297,8.350666240520924,6.2644002666834755,8.350666240520924,6.86484777797086,8.350666240520924,28786.428571428572,38840.607142857145,26711.363636363636,26626.18831168831,0.0,482.8238,20000.0
8400206,2025-10-30,44016.0,20000.0,24016.0,77.0,0.00743,10.086517191913764,0.0,6.465194989384721,8.389132521348719,6.456492583300707,8.350666240520924,6.361575142878024,8.350666240520924,6.96353847864254,8.350666240520924,27850.14285714286,38775.42857142857,26636.324675324675,26682.81168831169,0.0,482.8238,20000.0
8400206,2025-10-31,42466.0,20000.0,22466.0,77.0,0.00743,10.019802844917477,0.0,6.451721152754307,8.389132521348719,6.475644181095785,8.350666240520924,6.427680048372367,8.350666240520924,7.047334138237048,8.350666240520924,27105.85714285714,37983.03571428572,26569.883116883117,26481.772727272728,0.0,1018.6551,20000.0
8400206,2025-11-01,42466.0,20000.0,22466.0,77.0,0.00743,10.019802844917477,0.0,6.482988197450505,8.389132521348719,6.448672195083063,8.350666240520924,6.4915218739988445,8.350666240520924,7.115881367396476,8.350666240520924,26299.428571428572,37135.28571428572,26483.31168831169,26270.66883116883,0.0,1018.6551,20000.0
8400206,2025-11-02,42466.0,20000.0,22466.0,77.0,0.00743,10.019802844917477,0.0,6.482988197450505,8.389132521348719,6.406135516954673,8.350666240520924,6.474337315251677,8.350666240520924,7.112198752863362,8.350666240520924,25493.0,36287.53571428572,26396.74025974026,26059.564935064936,0.0,1018.6551,20000.0
8400206,2025-11-03,51972.0,20000.0,31972.0,77.0,0.00743,10.37264707562448,0.0,6.482988197450505,8.389132521348719,6.406135516954673,8.350666240520924,6.474337315251677,8.350666240520924,7.060566716560036,8.350666240520924,24686.571428571428,35439.78571428572,26310.16883116883,25848.46103896104,0.0,990.1974,20000.0
8400206,2025-11-04,51968.0,20000.0,31968.0,77.0,0.00743,10.372521962240313,0.0,6.4570346615363485,8.389132521348719,6.406135516954673,8.350666240520924,6.453583555845793,8.350666240520924,6.90438117202738,8.350666240520924,25281.14285714286,34931.53571428572,26363.805194805194,25699.863636363636,0.0,482.8238,20000.0
8400206,2025-11-05,51076.0,20000.0,31076.0,77.0,0.00743,10.344223274726211,0.0,6.45577015523908,8.389132521348719,6.406265029663289,8.350666240520924,6.453749317729227,8.350666240520924,6.651707863254722,8.208219383496834,25875.14285714286,34423.142857142855,26418.246753246753,25556.824675324675,0.0,290.58032,20000.0
8400206,2025-11-06,47658.0,20000.0,27658.0,77.0,0.00743,10.227706451275253,0.0,6.4718041856843795,8.389132521348719,6.43473534054028,8.350666240520924,6.490044444457036,8.350666240520924,6.681580823324878,8.208219383496834,26632.85714285714,33882.892857142855,26462.402597402597,25412.227272727272,0.0,290.58032,20000.0
8400206,2025-11-07,47658.0,20000.0,27658.0,77.0,0.00743,10.227706451275253,0.0,6.451926041398046,8.350666240520924,6.484874692070291,8.350666240520924,6.618071203859683,8.350666240520924,6.884971369973372,8.208219383496834,27153.14285714286,33228.07142857143,26519.285714285714,25262.551948051947,0.0,389.9184,20000.0
8400206,2025-11-08,47658.0,20000.0,27658.0,77.0,0.00743,10.227706451275253,0.0,6.451926041398046,8.350666240520924,6.3869123286547635,8.350666240520924,6.6144786387108585,8.350666240520924,6.884971369973372,8.208219383496834,27894.85714285714,32578.60714285714,26576.16883116883,25117.81168831169,0.0,389.9184,20000.0
8400206,2025-11-09,47658.0,20000.0,27658.0,77.0,0.00743,10.227706451275253,0.0,6.451926041398046,8.350666240520924,6.367110361533312,8.350666240520924,6.605547159880613,8.350666240520924,6.874198495453294,8.208219383496834,28636.571428571428,31929.14285714286,26633.051948051947,24973.071428571428,0.0,389.9184,20000.0
8400206,2025-11-10,46909.0,20000.0,26909.0,77.0,0.00743,10.200253243720951,0.0,6.451926041398046,8.350666240520924,6.3650881843082106,8.350666240520924,6.605547159880613,8.350666240520924,6.846047834282444,8.208219383496834,29378.285714285714,31279.678571428572,26689.935064935064,24828.33116883117,0.0,389.9184,20000.0
8400206,2025-11-11,46274.0,20000.0,26274.0,77.0,0.00743,10.176373195745152,0.0,6.467154091248381,8.350666240520924,6.390043253186513,8.350666240520924,6.631863081140207,8.350666240520924,6.667492339369306,8.137103389639302,28655.0,30606.535714285714,26737.090909090908,24693.38961038961,0.0,389.9184,20000.0
8400206,2025-11-12,43500.0,20000.0,23500.0,77.0,0.00743,10.064798252418377,0.0,6.470759295503711,8.350666240520924,6.410722977348482,8.350666240520924,6.653643709263336,8.350666240520924,6.487203249244581,8.137103389639302,27841.571428571428,29952.60714285714,26781.922077922078,24555.64935064935,0.0,418.37534,20000.0
8400206,2025-11-13,42420.0,20000.0,22420.0,77.0,0.00743,10.017753298664472,0.0,6.525029657843462,8.350666240520924,6.488877086899461,8.350666240520924,6.743594134914788,8.350666240520924,6.612041034833092,8.137103389639302,26759.285714285714,29313.928571428572,26790.727272727272,24399.896103896102,0.0,418.37534,20000.0
8400206,2025-11-14,39418.0,20000.0,19418.0,77.0,0.00743,9.874007247213619,0.0,6.539773611607261,8.350666240520924,6.520563370830021,8.350666240520924,6.776536998523446,8.350666240520924,6.685663805618731,8.137103389639302,26011.0,28787.821428571428,26789.402597402597,24237.12987012987,0.0,402.30682,20000.0
8400206,2025-11-15,39418.0,20000.0,19418.0,77.0,0.00743,9.874007247213619,0.0,6.562957572524001,8.350666240520924,6.592292169532571,8.350666240520924,6.862785439648978,8.350666240520924,6.8657264161383145,8.137103389639302,24833.85714285714,28170.428571428572,26771.844155844155,24056.22077922078,0.0,402.30682,20000.0
8400206,2025-11-16,39418.0,20000.0,19418.0,77.0,0.00743,9.874007247213619,0.0,6.562957572524001,8.350666240520924,6.592292169532571,8.350666240520924,6.862785439648978,8.350666240520924,6.849066282633458,8.137103389639302,23656.714285714286,27553.035714285714,26754.285714285714,23875.31168831169,0.0,402.30682,20000.0
8400206,2025-11-17,39418.0,20000.0,19418.0,77.0,0.00743,9.874007247213619,0.0,6.562957572524001,8.350666240520924,6.578597403552682,8.350666240520924,6.856988161928484,8.350666240520924,6.849066282633458,8.137103389639302,22479.571428571428,26935.64285714286,26736.727272727272,23694.402597402597,0.0,402.30682,20000.0
8400206,2025-11-18,38824.0,20000.0,18824.0,77.0,0.00743,9.842941052668094,0.0,6.562957572524001,8.350666240520924,6.578597403552682,8.350666240520924,6.852826575631599,8.350666240520924,6.728313781359657,8.137103389639302,21409.428571428572,26325.35714285714,26719.16883116883,23520.714285714286,0.0,402.30682,20000.0
8400206,2025-11-19,37448.0,20000.0,17448.0,77.0,0.00743,9.76703761939823,0.0,6.555892485732473,8.350666240520924,6.59465484044854,8.350666240520924,6.869205919367997,8.350666240520924,6.652319587997672,8.137103389639302,20345.14285714286,25712.071428571428,26706.597402597403,23343.16883116883,0.0,400.51306,20000.0
8400206,2025-11-20,34618.0,20000.0,14618.0,77.0,0.00743,9.590077331511615,0.0,6.580981316247883,8.350666240520924,6.630890307168122,8.350666240520924,6.9061487260088255,8.350666240520924,6.64042607801127,8.137103389639302,19480.571428571428,25180.714285714286,26676.155844155845,23166.077922077922,0.0,833.0856,20000.0
8400206,2025-11-21,34610.0,20000.0,14610.0,77.0,0.00743,9.589529948672084,0.0,6.595070589183519,8.350666240520924,6.699065589049838,8.350666240520924,6.97597943402967,8.350666240520924,6.818233576727459,8.137103389639302,18366.0,24659.0,26635.48051948052,22982.51948051948,0.0,833.0856,20000.0
8400206,2025-11-22,34610.0,20000.0,14610.0,77.0,0.00743,9.589529948672084,0.0,6.537481799133806,8.350666240520924,6.69315357338089,8.350666240520924,6.946925383567377,8.350666240520924,6.818693955397039,8.137103389639302,17679.14285714286,24176.821428571428,26635.74025974026,22799.532467532466,0.0,884.10284,20000.0
8400206,2025-11-23,34610.0,20000.0,14610.0,77.0,0.00743,9.589529948672084,0.0,6.537481799133806,8.350666240520924,6.69315357338089,8.350666240520924,6.862455070458406,8.350666240520924,6.818693955397039,8.137103389639302,16992.285714285714,23694.64285714286,26636.0,22616.545454545456,0.0,884.10284,20000.0
8400206,2025-11-24,34350.0,20000.0,14350.0,77.0,0.00743,9.571574905170932,0.0,6.537481799133806,8.350666240520924,6.69315357338089,8.350666240520924,6.73855775045823,8.208219383496834,6.818463792555814,8.137103389639302,16305.42857142857,23212.464285714286,26636.25974025974,22433.55844155844,0.0,884.10284,20000.0
8400206,2025-11-25,32785.0,20000.0,12785.0,77.0,0.00743,9.456106101326672,0.0,6.542359674551788,8.350666240520924,6.699452043815287,8.350666240520924,6.73274378059281,8.208219383496834,6.781416006061864,8.137103389639302,15581.42857142857,22731.75,26633.14285714286,22340.506493506495,0.0,906.46124,20000.0
8400206,2025-11-26,32785.0,20000.0,12785.0,77.0,0.00743,9.456106101326672,0.0,6.550505030440875,8.350666240520924,6.736548197526724,8.350666240520924,6.780639353395649,8.208219383496834,6.664140455826167,8.00736706798333,14718.714285714286,22195.14285714286,26624.35064935065,22258.915584415583,0.0,902.6889,20000.0
8400206,2025-11-27,31851.0,20000.0,11851.0,77.0,0.00743,9.380251908693456,0.0,6.504327056053127,8.350666240520924,6.736548197526724,8.350666240520924,6.780639353395649,8.208219383496834,6.664140455826167,8.00736706798333,14052.57142857143,21731.321428571428,26647.12987012987,22188.155844155845,0.0,902.6889,20000.0
8400206,2025-11-28,30661.0,20000.0,10661.0,77.0,0.00743,9.274441297382706,0.0,6.4963635522043335,8.350666240520924,6.758048956716496,8.350666240520924,6.802365523130739,8.208219383496834,6.724970457002698,8.00736706798333,13657.285714285714,21296.85714285714,26675.20779220779,22111.428571428572,0.0,902.6889,20000.0
8400206,2025-11-29,30661.0,20000.0,10661.0,77.0,0.00743,9.274441297382706,0.0,6.519415420399436,8.350666240520924,6.784789719571618,8.350666240520924,6.822054048160775,8.208219383496834,6.7974703777136325,8.00736706798333,13093.142857142857,20875.25,26687.83116883117,22026.974025974025,0.0,970.9095,20000.0
8400206,2025-11-30,30661.0,20000.0,10661.0,77.0,0.00743,9.274441297382706,0.0,6.519415420399436,8.350666240520924,6.780122422127203,8.350666240520924,6.710875634012619,8.137103389639302,6.752454815600013,8.00736706798333,12529.0,20453.64285714286,26700.454545454544,21942.51948051948,0.0,902.6889,20000.0
8400206,2025-12-01,29837.0,20000.0,9837.0,77.0,0.00743,9.194007717355285,0.0,6.519415420399436,8.350666240520924,6.776775250706566,8.350666240520924,6.606258929012766,8.137103389639302,6.712636395116124,8.00736706798333,11964.857142857143,20032.035714285714,26713.077922077922,21858.064935064936,0.0,902.6889,20000.0
8400206,2025-12-02,27677.0,20000.0,7677.0,77.0,0.00743,8.946114375560743,0.0,6.5350716149438055,8.350666240520924,6.795025629903375,8.350666240520924,6.595852412440689,8.137103389639302,6.579397400154503,8.00736706798333,11320.142857142857,19241.5,26591.077922077922,21773.11038961039,0.0,970.9095,20000.0
8400206,2025-12-03,26882.0,20000.0,6882.0,77.0,0.00743,8.836809882398365,0.0,6.542135064810268,8.350666240520924,6.841343108234045,8.350666240520924,6.670632898564155,8.137103389639302,6.655372611163557,8.00736706798333,10590.42857142857,18373.964285714286,26464.194805194806,21674.12987012987,0.0,965.5314,20000.0
8400206,2025-12-04,26522.0,20000.0,6522.0,77.0,0.00743,8.783089671796096,0.0,6.497675644199833,8.350666240520924,6.856090398537174,8.350666240520924,6.696806801399684,8.137103389639302,6.493435292425245,7.9483852851118995,9747.142857142857,17509.89285714286,26367.48051948052,21569.987012987014,0.0,965.5314,20000.0
8400206,2025-12-05,25442.0,20000.0,5442.0,77.0,0.00743,8.6020856584342,0.0,6.493085600833109,8.350666240520924,6.839161487516026,8.350666240520924,6.698722230927761,8.137103389639302,6.521705726363501,7.9483852851118995,8985.857142857143,16755.035714285714,26273.805194805194,21463.506493506495,0.0,980.252,20000.0
8400206,2025-12-06,25442.0,20000.0,5442.0,77.0,0.00743,8.6020856584342,0.0,6.512941040656587,8.350666240520924,6.793598015204664,8.350666240520924,6.733151233858857,8.137103389639302,6.602016422783113,7.9483852851118995,8240.285714285714,15961.607142857143,26166.883116883117,21365.766233766233,0.0,980.252,20000.0
8400206,2025-12-07,25442.0,20000.0,5442.0,77.0,0.00743,8.6020856584342,0.0,6.512941040656587,8.350666240520924,6.695968562620849,8.208219383496834,6.667157656143852,8.137103389639302,6.602016422783113,7.9483852851118995,7494.714285714285,15168.17857142857,26059.96103896104,21268.025974025975,0.0,915.8038,20000.0
8400206,2025-12-08,23842.0,20000.0,3842.0,77.0,0.00743,8.254008590564844,0.0,6.512941040656587,8.350666240520924,6.68510180363951,8.208219383496834,6.606579059913467,8.137103389639302,6.558645630853788,7.9483852851118995,6749.142857142857,14374.75,25953.03896103896,21170.285714285714,0.0,1636.5897,20000.0
8400206,2025-12-09,22740.0,20000.0,2740.0,77.0,0.00743,7.916078096302786,0.0,6.538590790535304,8.350666240520924,6.723549595394347,8.208219383496834,6.608355701108502,8.137103389639302,6.575222640365005,7.9483852851118995,5892.714285714285,13550.92857142857,25828.61038961039,21062.155844155845,0.0,1621.5098,20000.0
8400206,2025-12-10,21819.0,20000.0,1819.0,77.0,0.00743,7.506591780070841,0.0,6.559081634278962,8.350666240520924,6.749196203631913,8.208219383496834,6.646732219959546,8.137103389639302,6.439602567310086,7.6783263565068856,5187.428571428572,12710.42857142857,25689.87012987013,20963.974025974025,0.0,1681.2546,20000.0
8400206,2025-12-11,31468.0,20000.0,11468.0,77.0,0.00743,9.347403022364523,0.0,6.5681326304751995,8.350666240520924,6.765649415297819,8.208219383496834,6.677712985976771,8.137103389639302,6.51354241572434,7.6783263565068856,4464.142857142857,11936.107142857143,25544.714285714286,20863.75974025974,0.0,1188.4873,20000.0
8400206,2025-12-12,30380.0,20000.0,10380.0,77.0,0.00743,9.247732491193245,0.0,6.5681326304751995,8.350666240520924,6.7540554778859425,8.208219383496834,6.677712985976771,8.137103389639302,6.51354241572434,7.6783263565068856,5170.714285714285,11544.964285714286,25396.909090909092,20829.66883116883,0.0,1188.4873,20000.0
8400206,2025-12-13,30380.0,20000.0,10380.0,77.0,0.00743,9.247732491193245,0.0,6.578691892560974,8.350666240520924,6.693202174872965,8.137103389639302,6.712988175608726,8.137103389639302,6.595061244707832,7.6783263565068856,5876.142857142857,11222.17857142857,25241.545454545456,20820.733766233767,0.0,1192.26,20000.0
8400206,2025-12-14,30380.0,20000.0,10380.0,77.0,0.00743,9.247732491193245,0.0,6.578691892560974,8.350666240520924,6.6148832916020215,8.137103389639302,6.684052360725089,8.137103389639302,6.576176313914158,7.6783263565068856,6581.571428571428,10899.392857142857,25086.18181818182,20811.7987012987,0.0,1192.26,20000.0
8400206,2025-12-15,29582.0,20000.0,9582.0,77.0,0.00743,9.167745974343763,0.0,6.578691892560974,8.350666240520924,6.585143404953492,8.137103389639302,6.564708848044941,8.00736706798333,6.454287854165947,7.6783263565068856,7287.0,10576.607142857143,24930.81818181818,20802.863636363636,0.0,1156.1632,20000.0
8400206,2025-12-16,25258.0,20000.0,5258.0,77.0,0.00743,8.567696173589344,0.0,6.5929911614318915,8.350666240520924,6.606517691994643,8.137103389639302,6.593873318219568,8.00736706798333,6.518293018482938,7.6783263565068856,8107.0,10225.32142857143,24692.25974025974,20788.746753246753,0.0,1192.26,20000.0
8400206,2025-12-17,25258.0,20000.0,5258.0,77.0,0.00743,8.567696173589344,0.0,6.66541897929285,8.37216741936598,6.715003040690997,8.37216741936598,6.738620082939706,8.37216741936598,6.752085902659282,8.37216741936598,8466.714285714286,9740.82142857143,24398.87012987013,20746.551948051947,0.0,1326.3285,20000.0
8400206,2025-12-18,22638.0,20000.0,2638.0,77.0,0.00743,7.878155336503324,0.0,6.661240076639124,8.37216741936598,6.707820695964995,8.37216741936598,6.738620082939706,8.37216741936598,6.676088667253236,8.37216741936598,8958.0,9305.464285714286,24108.753246753247,20717.253246753247,0.0,1759.3505,20000.0
8400206,2025-12-19,30515.0,20000.0,10515.0,77.0,0.00743,9.260653185849772,0.0,6.703857158760913,8.37216741936598,6.768673497402036,8.37216741936598,6.795293586149572,8.37216741936598,6.8363723355021735,8.37216741936598,7696.571428571428,8877.607142857143,23542.974025974025,20672.5,0.0,1322.556,20000.0
8400206,2025-12-20,30515.0,20000.0,10515.0,77.0,0.00743,9.260653185849772,0.0,6.703857158760913,8.37216741936598,6.721661911964531,8.37216741936598,6.7764169685158,8.37216741936598,6.8363723355021735,8.37216741936598,7715.857142857143,8731.357142857143,23079.493506493505,20681.493506493505,0.0,1322.556,20000.0
8400206,2025-12-21,30515.0,20000.0,10515.0,77.0,0.00743,9.260653185849772,0.0,6.703857158760913,8.37216741936598,6.6793035465222,8.37216741936598,6.68950107111339,8.37216741936598,6.788675350091574,8.37216741936598,7735.142857142857,8585.107142857143,22616.012987012986,20690.487012987014,0.0,1326.3285,20000.0
8400206,2025-12-22,30515.0,20000.0,10515.0,77.0,0.00743,9.260653185849772,0.0,6.703857158760913,8.37216741936598,6.640362707466822,8.37216741936598,6.653507982616594,8.37216741936598,6.651639870733873,8.37216741936598,7754.428571428572,8438.857142857143,22152.532467532466,20699.48051948052,0.0,1202.7607,20000.0
8400206,2025-12-23,30515.0,20000.0,10515.0,77.0,0.00743,9.260653185849772,0.0,6.703857158760913,8.37216741936598,6.640362707466822,8.37216741936598,6.54606779321986,8.37216741936598,6.596068076867678,8.37216741936598,7887.714285714285,8301.892857142857,21689.051948051947,20717.006493506495,0.0,1103.423,20000.0
8400206,2025-12-24,30515.0,20000.0,10515.0,77.0,0.00743,9.260653185849772,0.0,6.703857158760913,8.37216741936598,6.640362707466822,8.37216741936598,6.54606779321986,8.37216741936598,6.569850437725395,8.37216741936598,8638.714285714286,8220.82142857143,21225.571428571428,20734.62987012987,0.0,1103.423,20000.0
8400206,2025-12-25,30515.0,20000.0,10515.0,77.0,0.00743,9.260653185849772,0.0,6.703857158760913,8.37216741936598,6.640362707466822,8.37216741936598,6.54606779321986,8.37216741936598,6.486802431571172,8.37216741936598,9389.714285714286,8139.75,20762.090909090908,20752.253246753247,0.0,1103.423,20000.0
8400206,2025-12-26,30515.0,20000.0,10515.0,77.0,0.00743,9.260653185849772,0.0,6.700507445936948,8.37216741936598,6.640260227450335,8.37216741936598,6.54606779321986,8.37216741936598,6.486802431571172,8.37216741936598,10515.0,8092.035714285715,20301.33766233766,20790.194805194806,0.0,1103.423,20000.0
8400206,2025-12-27,30515.0,20000.0,10515.0,77.0,0.00743,9.260653185849772,0.0,6.698107905497153,8.37216741936598,6.617140806670246,8.37216741936598,6.523369073167906,8.37216741936598,6.486802431571172,8.37216741936598,10515.0,8086.821428571428,19842.532467532466,20831.27922077922,0.0,1103.423,20000.0
8400206,2025-12-28,30515.0,20000.0,10515.0,77.0,0.00743,9.260653185849772,0.0,6.698107905497153,8.37216741936598,6.523245536049961,8.37216741936598,6.468719780329352,8.37216741936598,6.349506976664539,8.37216741936598,10515.0,8081.607142857143,19383.727272727272,20872.363636363636,0.0,1103.423,20000.0
8400206,2025-12-29,30515.0,20000.0,10515.0,77.0,0.00743,9.260653185849772,0.0,6.698107905497153,8.37216741936598,6.523245536049961,8.37216741936598,6.345959484980321,8.37216741936598,6.242632765870388,8.37216741936598,10515.0,8076.392857142857,18924.922077922078,20913.448051948053,0.0,1103.423,20000.0
8400206,2025-12-30,30515.0,20000.0,10515.0,77.0,0.00743,9.260653185849772,0.0,6.696729567618265,8.37216741936598,6.523245536049961,8.37216741936598,6.345590191711111,8.37216741936598,6.1436207581009095,8.37216741936598,10515.0,8100.607142857143,18467.233766233767,20959.805194805194,0.0,1103.423,20000.0
8400206,2025-12-31,30515.0,20000.0,10515.0,77.0,0.00743,9.260653185849772,0.0,6.677737504895161,8.37216741936598,6.523245536049961,8.37216741936598,6.345590191711111,8.37216741936598,6.1436207581009095,8.37216741936598,10515.0,8201.964285714286,18024.77922077922,21006.16233766234,0.0,1103.423,20000.0
8400206,2026-01-01,30515.0,20000.0,10515.0,77.0,0.00743,9.260653185849772,0.0,6.623996237303307,8.37216741936598,6.501436865736204,8.37216741936598,6.345590191711111,8.37216741936598,6.012427491687698,8.37216741936598,10515.0,8331.714285714286,17623.896103896102,21052.935064935064,0.0,1157.8785,20000.0
8400206,2026-01-02,30515.0,20000.0,10515.0,77.0,0.00743,9.260653185849772,0.0,6.54820049655348,8.37216741936598,6.482567540377963,8.37216741936598,6.333513311219762,8.37216741936598,6.012427491687698,8.37216741936598,10515.0,8474.32142857143,17277.974025974025,21099.70779220779,0.0,1164.7831,20000.0
8400206,2026-01-03,30515.0,20000.0,10515.0,77.0,0.00743,9.260653185849772,0.0,6.53986742639817,8.37216741936598,6.395687053440876,8.37216741936598,6.257566756019685,8.37216741936598,6.012427491687698,8.37216741936598,10515.0,8655.5,16937.844155844155,21148.55844155844,0.0,1164.7831,20000.0
8400206,2026-01-04,30515.0,20000.0,10515.0,77.0,0.00743,9.260653185849772,0.0,6.53986742639817,8.37216741936598,6.359709553882897,8.37216741936598,6.257566756019685,8.37216741936598,5.903926715776106,8.37216741936598,10515.0,8836.67857142857,16597.714285714286,21197.409090909092,0.0,1164.7831,20000.0
8400206,2026-01-05,50415.0,20000.0,30415.0,77.0,0.00743,10.322724064728211,0.0,6.53986742639817,8.37216741936598,6.252319377326619,8.37216741936598,6.209331041321348,8.37216741936598,4.933716357336883,7.8713112033234065,10515.0,9017.857142857143,16257.584415584415,21246.25974025974,0.0,526.1887,20000.0
8400206,2026-01-06,49516.0,20000.0,29516.0,77.0,0.00743,10.292721647533876,0.0,6.5361267853763465,8.37216741936598,6.252319377326619,8.37216741936598,6.144298571050493,8.37216741936598,4.933716357336883,7.8713112033234065,13357.857142857143,9966.892857142857,16178.48051948052,21440.14935064935,0.0,526.1887,20000.0
8400206,2026-01-07,49063.0,20000.0,29063.0,77.0,0.00743,10.277255573901037,0.0,6.543425882413664,8.37216741936598,6.285705942441637,8.37216741936598,6.193814453914841,8.37216741936598,3.87775841145405,6.802394763324311,16072.285714285714,10923.17857142857,16094.324675324675,21661.396103896102,0.0,319.99548,20000.0
8400206,2026-01-08,47323.0,20000.0,27323.0,77.0,0.00743,10.21552071585174,0.0,6.481398119201664,8.37216741936598,6.302116084107452,8.37216741936598,6.217865943771185,8.37216741936598,4.278856700395874,6.802394763324311,18722.0,11896.17857142857,16051.948051948051,21623.66233766234,0.0,246.61957,20000.0
8400206,2026-01-09,46213.0,20000.0,26213.0,77.0,0.00743,10.17404889817949,0.0,6.453972622276932,8.37216741936598,6.342466567656342,8.37216741936598,6.264800787365709,8.37216741936598,5.098260517731196,7.462214939768189,21123.14285714286,12462.42857142857,16027.233766233767,21576.577922077922,0.0,400.3009,20000.0
8400206,2026-01-10,46213.0,20000.0,26213.0,77.0,0.00743,10.17404889817949,0.0,6.4538703926486525,8.37216741936598,6.333244800103118,8.37216741936598,6.210811426491782,8.37216741936598,5.403388366616058,7.462214939768189,23365.714285714286,13027.892857142857,16002.584415584415,21522.285714285714,0.0,400.3009,20000.0
8400206,2026-01-11,46213.0,20000.0,26213.0,77.0,0.00743,10.17404889817949,0.0,6.4538703926486525,8.37216741936598,6.22947739265729,8.37216741936598,6.16790260192764,8.37216741936598,5.403388366616058,7.462214939768189,25608.285714285714,13593.357142857143,15977.935064935065,21467.993506493505,0.0,400.3009,20000.0
8400206,2026-01-12,46089.0,20000.0,26089.0,77.0,0.00743,10.169307378130775,0.0,6.4538703926486525,8.37216741936598,6.2291682497535215,8.37216741936598,6.147849571033606,8.37216741936598,5.403388366616058,7.462214939768189,27850.85714285714,14158.82142857143,15953.285714285714,21413.7012987013,0.0,400.3009,20000.0
8400206,2026-01-13,44685.0,20000.0,24685.0,77.0,0.00743,10.113991560303875,0.0,6.450244713983868,8.37216741936598,6.233949258243639,8.37216741936598,6.092559398796364,8.37216741936598,5.4323420585330515,7.462214939768189,27232.85714285714,14748.357142857143,15930.935064935065,21358.603896103898,0.0,400.3009,20000.0
8400206,2026-01-14,43733.0,20000.0,23733.0,77.0,0.00743,10.074663898225085,0.0,6.478649277760008,8.37216741936598,6.286545649688728,8.37216741936598,6.172743894323493,8.37216741936598,5.71234222645685,7.462214939768189,26542.714285714286,15442.17857142857,15890.35064935065,21300.85714285714,0.0,275.86823,20000.0
8400206,2026-01-15,43733.0,20000.0,23733.0,77.0,0.00743,10.074663898225085,0.0,6.45674926758884,8.37216741936598,6.311485676666529,8.37216741936598,6.223672158592006,8.37216741936598,5.8655730688067305,7.462214939768189,25781.285714285714,16102.0,15863.87012987013,21250.097402597403,0.0,275.86823,20000.0
8400206,2026-01-16,42761.0,20000.0,22761.0,77.0,0.00743,10.032847757841836,0.0,6.42029100512932,8.37216741936598,6.254168120519519,8.37216741936598,6.136532752468461,8.37216741936598,5.8655730688067305,7.462214939768189,25268.428571428572,16855.39285714286,15860.194805194806,21215.03896103896,0.0,275.86823,20000.0
8400206,2026-01-17,42761.0,20000.0,22761.0,77.0,0.00743,10.032847757841836,0.0,6.407993762743738,8.37216741936598,6.290152013905559,8.37216741936598,6.1291075412917495,8.37216741936598,6.0010239730112245,7.462214939768189,24775.285714285714,17292.75,15864.025974025973,21173.66883116883,0.0,266.5254,20000.0
8400206,2026-01-18,42761.0,20000.0,22761.0,77.0,0.00743,10.032847757841836,0.0,6.407993762743738,8.37216741936598,6.2555994903586,8.37216741936598,6.074861945396065,8.37216741936598,6.0010239730112245,7.462214939768189,24282.14285714286,17730.10714285714,15867.857142857143,21132.2987012987,0.0,266.5254,20000.0
8400206,2026-01-19,42761.0,20000.0,22761.0,77.0,0.00743,10.032847757841836,0.0,6.407993762743738,8.37216741936598,6.209772898247798,8.37216741936598,6.074861945396065,8.37216741936598,6.0010239730112245,7.462214939768189,23789.0,18167.464285714286,15871.688311688311,21090.928571428572,0.0,266.5254,20000.0
8400206,2026-01-20,50764.0,20000.0,30764.0,77.0,0.00743,10.33413295917459,0.0,6.407993762743738,8.37216741936598,6.209772898247798,8.37216741936598,6.0067419872911625,8.37216741936598,6.0010239730112245,7.462214939768189,23313.571428571428,18604.821428571428,15752.064935064935,21057.935064935064,0.0,238.06818,20000.0
8400206,2026-01-21,50764.0,20000.0,30764.0,77.0,0.00743,10.33413295917459,0.0,6.40790813164247,8.37216741936598,6.209772898247798,8.37216741936598,6.0067419872911625,8.37216741936598,6.0010239730112245,7.462214939768189,24182.0,19328.0,15736.42857142857,21077.33766233766,0.0,238.06818,20000.0
8400206,2026-01-22,50428.0,20000.0,30428.0,77.0,0.00743,10.323151380044106,0.0,6.38862688413961,8.37216741936598,6.176763692625247,8.37216741936598,6.0067419872911625,8.37216741936598,6.0010239730112245,7.462214939768189,25186.428571428572,20051.178571428572,15732.376623376624,21097.38961038961,0.0,238.06818,20000.0
8400206,2026-01-23,50428.0,20000.0,30428.0,77.0,0.00743,10.323151380044106,0.0,6.318991513496059,8.37216741936598,6.099571288433833,8.37216741936598,5.976350909297934,8.37216741936598,6.043882209157242,7.462214939768189,26142.85714285714,20762.35714285714,15768.35064935065,21143.81818181818,0.0,238.06818,20000.0
8400206,2026-01-24,50428.0,20000.0,30428.0,77.0,0.00743,10.323151380044106,0.0,6.318991513496059,8.37216741936598,6.063967590595828,8.37216741936598,5.635541200348562,7.8713112033234065,6.043882209157242,7.462214939768189,27238.14285714286,21473.535714285714,15804.324675324675,21190.246753246753,0.0,301.30994,20000.0
8400206,2026-01-25,50428.0,20000.0,30428.0,77.0,0.00743,10.323151380044106,0.0,6.318991513496059,8.37216741936598,6.047418532211049,8.37216741936598,5.635541200348562,7.8713112033234065,6.043882209157242,7.462214939768189,28333.428571428572,22184.714285714286,15840.298701298701,21236.675324675325,0.0,301.30994,20000.0
8400206,2026-01-26,50428.0,20000.0,30428.0,77.0,0.00743,10.323151380044106,0.0,6.318991513496059,8.37216741936598,5.996061806635337,8.37216741936598,5.353104550189843,7.462214939768189,5.924818543630846,7.462214939768189,29428.714285714286,22895.89285714286,15876.272727272728,21283.103896103898,0.0,301.30994,20000.0
8400206,2026-01-27,46542.0,20000.0,26542.0,77.0,0.00743,10.186521338423402,0.0,6.3013099036899165,8.37216741936598,5.996061806635337,8.37216741936598,5.353104550189843,7.462214939768189,5.8589852324342635,7.462214939768189,30524.0,23607.071428571428,15921.974025974027,21329.532467532466,0.0,301.30994,20000.0
8400206,2026-01-28,46242.0,20000.0,26242.0,77.0,0.00743,10.175154565791225,0.0,6.375887298734242,8.37216741936598,6.169692770310937,8.37216741936598,5.747883298462247,8.265392930852224,6.138408872294466,8.265392930852224,29920.85714285714,24179.464285714286,15925.454545454546,21353.68831168831,0.0,353.8221,20000.0
8400206,2026-01-29,46242.0,20000.0,26242.0,77.0,0.00743,10.175154565791225,0.0,6.319646484279707,8.37216741936598,6.11489608789771,8.37216741936598,5.7727519540566945,8.265392930852224,6.041882458459579,8.265392930852224,29274.85714285714,24741.14285714286,15961.064935064935,21375.896103896102,0.0,353.8221,20000.0
8400206,2026-01-30,46236.0,20000.0,26236.0,77.0,0.00743,10.174925907253643,0.0,6.294067219258634,8.37216741936598,6.065971599282544,8.37216741936598,5.7727519540566945,8.265392930852224,6.041882458459579,8.265392930852224,28676.85714285714,25302.821428571428,16010.701298701299,21400.051948051947,0.0,353.8221,20000.0
8400206,2026-01-31,46236.0,20000.0,26236.0,77.0,0.00743,10.174925907253643,0.0,6.219479331560835,8.37216741936598,6.023447592961033,8.37216741936598,5.7732430729992,8.265392930852224,6.042632833682381,8.265392930852224,28078.0,25864.285714285714,16099.246753246753,21435.545454545456,0.0,353.8221,20000.0
8400206,2026-02-01,46236.0,20000.0,26236.0,77.0,0.00743,10.174925907253643,0.0,6.219479331560835,8.37216741936598,6.023447592961033,8.37216741936598,5.7732430729992,8.265392930852224,6.027009484527393,8.265392930852224,27479.14285714286,26425.75,16187.792207792209,21471.03896103896,0.0,353.8221,20000.0
8400206,2026-02-02,46236.0,20000.0,26236.0,77.0,0.00743,10.174925907253643,0.0,6.219479331560835,8.37216741936598,5.970411137910149,8.37216741936598,5.7732430729992,8.265392930852224,5.830646955890826,8.265392930852224,26880.285714285714,26987.214285714286,16276.337662337663,21506.532467532466,0.0,353.8221,20000.0
8400206,2026-02-03,42085.0,20000.0,22085.0,77.0,0.00743,10.002699202607076,0.0,6.219479331560835,8.37216741936598,5.970411137910149,8.37216741936598,5.7732430729992,8.265392930852224,5.671512984273061,8.265392930852224,26281.428571428572,26837.964285714286,16364.883116883117,21542.025974025975,0.0,369.39557,20000.0
8400206,2026-02-04,42085.0,20000.0,22085.0,77.0,0.00743,10.002699202607076,0.0,6.3074358607332615,8.37216741936598,6.159219743401003,8.37216741936598,6.065680596127956,8.331345424845724,6.2323446092809,8.331345424845724,25644.714285714286,26572.571428571428,16407.233766233767,21556.915584415583,0.0,561.63904,20000.0
8400206,2026-02-05,42085.0,20000.0,22085.0,77.0,0.00743,10.002699202607076,0.0,6.274321686580486,8.37216741936598,6.125584002084059,8.37216741936598,6.065680596127956,8.331345424845724,6.126409413991143,8.331345424845724,25050.85714285714,26323.35714285714,16467.454545454544,21571.805194805194,0.0,561.63904,20000.0
8400206,2026-02-06,42085.0,20000.0,22085.0,77.0,0.00743,10.002699202607076,0.0,6.202561806342334,8.37216741936598,5.920579129582486,8.331345424845724,6.065680596127956,8.331345424845724,6.126409413991143,8.331345424845724,24457.0,26136.285714285714,16564.428571428572,21599.954545454544,0.0,561.63904,20000.0
8400206,2026-02-07,42085.0,20000.0,22085.0,77.0,0.00743,10.002699202607076,0.0,6.202351473753152,8.37216741936598,5.920579129582486,8.331345424845724,6.065680596127956,8.331345424845724,6.126409413991143,8.331345424845724,23864.0,25988.85714285714,16661.506493506495,21648.623376623378,0.0,561.63904,20000.0
8400206,2026-02-08,42085.0,20000.0,22085.0,77.0,0.00743,10.002699202607076,0.0,6.202351473753152,8.37216741936598,5.7722348951149085,8.331345424845724,6.065680596127956,8.331345424845724,6.126409413991143,8.331345424845724,23271.0,25841.428571428572,16758.584415584417,21697.29220779221,0.0,561.63904,20000.0
8400206,2026-02-09,42085.0,20000.0,22085.0,77.0,0.00743,10.002699202607076,0.0,6.202351473753152,8.37216741936598,5.7722348951149085,8.331345424845724,6.065680596127956,8.331345424845724,6.126409413991143,8.331345424845724,22678.0,25694.0,16855.66233766234,21745.96103896104,0.0,561.63904,20000.0
8400206,2026-02-10,47246.0,20000.0,27246.0,77.0,0.00743,10.21269870228773,0.0,6.195491469541519,8.37216741936598,5.7722348951149085,8.331345424845724,6.065680596127956,8.331345424845724,6.126409413991143,8.331345424845724,22085.0,25551.0,16956.116883116883,21794.62987012987,0.0,546.0655,20000.0
8400206,2026-02-11,47246.0,20000.0,27246.0,77.0,0.00743,10.21269870228773,0.0,6.153174708082205,8.37216741936598,5.7722348951149085,8.331345424845724,6.065680596127956,8.331345424845724,6.08701393275007,8.331345424845724,22822.285714285714,25642.464285714286,17143.922077922078,21884.136363636364,0.0,546.0655,20000.0
8400206,2026-02-12,45746.0,20000.0,25746.0,77.0,0.00743,10.156073394450296,0.0,6.153174708082205,8.37216741936598,5.7722348951149085,8.331345424845724,6.065680596127956,8.331345424845724,6.08701393275007,8.331345424845724,23559.571428571428,25767.928571428572,17331.727272727272,21989.428571428572,0.0,546.0655,20000.0
8400206,2026-02-13,45746.0,20000.0,25746.0,77.0,0.00743,10.156073394450296,0.0,6.168686543129962,8.37216741936598,5.8598361046295455,8.331345424845724,6.153348406570411,8.331345424845724,6.252005287617631,8.331345424845724,24082.571428571428,25839.821428571428,17512.18181818182,22093.694805194806,0.0,546.0655,20000.0
8400206,2026-02-14,45746.0,20000.0,25746.0,77.0,0.00743,10.156073394450296,0.0,6.135789749141037,8.37216741936598,5.8598361046295455,8.331345424845724,6.10173404659583,8.331345424845724,6.252005287617631,8.331345424845724,24605.571428571428,25946.428571428572,17708.090909090908,22197.96103896104,0.0,546.0655,20000.0
8400206,2026-02-15,45746.0,20000.0,25746.0,77.0,0.00743,10.156073394450296,0.0,6.135789749141037,8.37216741936598,5.8598361046295455,8.331345424845724,6.0746803528287545,8.331345424845724,6.252005287617631,8.331345424845724,25128.571428571428,26053.035714285714,17904.0,22302.227272727272,0.0,546.0655,20000.0
8400206,2026-02-16,45746.0,20000.0,25746.0,77.0,0.00743,10.156073394450296,0.0,6.135789749141037,8.37216741936598,5.8598361046295455,8.331345424845724,5.963376373488187,8.331345424845724,5.751067747646212,8.331345424845724,25651.571428571428,26159.64285714286,18099.909090909092,22406.493506493505,0.0,546.0655,20000.0
8400206,2026-02-17,51409.0,20000.0,31409.0,77.0,0.00743,10.354881592532692,0.0,6.112359618470995,8.37216741936598,5.8598361046295455,8.331345424845724,5.885299614426267,8.331345424845724,5.699563059113493,8.331345424845724,26174.571428571428,26266.25,18306.51948051948,22448.7987012987,0.0,546.0655,20000.0
8400206,2026-02-18,51409.0,20000.0,31409.0,77.0,0.00743,10.354881592532692,0.0,6.048200793925894,8.37216741936598,5.8598361046295455,8.331345424845724,5.885299614426267,8.331345424845724,5.699563059113493,8.331345424845724,26769.285714285714,26289.285714285714,18614.727272727272,22539.46103896104,0.0,546.0655,20000.0
8400206,2026-02-19,51409.0,20000.0,31409.0,77.0,0.00743,10.354881592532692,0.0,6.023510482087524,8.37216741936598,5.8598361046295455,8.331345424845724,5.885299614426267,8.331345424845724,5.698505417555357,8.331345424845724,27364.0,26312.321428571428,18933.25974025974,22650.37012987013,0.0,546.0655,20000.0
8400206,2026-02-20,51409.0,20000.0,31409.0,77.0,0.00743,10.354881592532692,0.0,6.012126239984603,8.37216741936598,5.8598361046295455,8.331345424845724,5.876186594792809,8.331345424845724,5.698505417555357,8.331345424845724,28173.0,26347.35714285714,19256.467532467534,22765.136363636364,0.0,546.0655,20000.0
8400206,2026-02-21,51409.0,20000.0,31409.0,77.0,0.00743,10.354881592532692,0.0,5.977174619003327,8.37216741936598,5.8598361046295455,8.331345424845724,5.766757273817589,8.331345424845724,5.698505417555357,8.331345424845724,28982.0,26382.39285714286,19593.7012987013,22880.29220779221,0.0,546.0655,20000.0
8400206,2026-02-22,51409.0,20000.0,31409.0,77.0,0.00743,10.354881592532692,0.0,5.977174619003327,8.37216741936598,5.8598361046295455,8.331345424845724,5.6851002720813355,8.331345424845724,5.698505417555357,8.331345424845724,29791.0,26417.428571428572,19930.935064935064,22995.448051948053,0.0,546.0655,20000.0
8400206,2026-02-23,51409.0,20000.0,31409.0,77.0,0.00743,10.354881592532692,0.0,5.977174619003327,8.37216741936598,5.8598361046295455,8.331345424845724,5.6851002720813355,8.331345424845724,4.381368523429332,7.313886831633462,30600.0,26452.464285714286,20268.16883116883,23110.603896103898,0.0,201.24593,20000.0
8400206,2026-02-24,46926.0,20000.0,26926.0,77.0,0.00743,10.200884779674478,0.0,5.9230396960850396,8.37216741936598,5.8598361046295455,8.331345424845724,5.594222118865038,8.331345424845724,4.381368523429332,7.313886831633462,31409.0,26487.5,20626.18181818182,23227.396103896102,0.0,201.24593,20000.0
8400206,2026-02-25,46726.0,20000.0,26726.0,77.0,0.00743,10.193429569388753,0.0,6.034175665201031,8.40827078419205,6.083516304585944,8.40827078419205,5.958016613040442,8.40827078419205,5.755409046833872,8.40827078419205,30768.571428571428,26501.214285714286,20940.285714285714,23315.077922077922,0.0,482.8238,20000.0
8400206,2026-02-26,46726.0,20000.0,26726.0,77.0,0.00743,10.193429569388753,0.0,6.011489965983562,8.40827078419205,6.092418308447584,8.40827078419205,5.9715303322071644,8.40827078419205,5.788188120493954,8.40827078419205,30099.571428571428,26518.5,21263.753246753247,23404.233766233767,0.0,482.8238,20000.0
8400206,2026-02-27,46726.0,20000.0,26726.0,77.0,0.00743,10.193429569388753,0.0,6.011489965983562,8.40827078419205,6.051766164053464,8.40827078419205,5.9715303322071644,8.40827078419205,5.788188120493954,8.40827078419205,29430.571428571428,26535.785714285714,21461.909090909092,23429.409090909092,0.0,482.8238,20000.0
8400206,2026-02-28,46726.0,20000.0,26726.0,77.0,0.00743,10.193429569388753,0.0,5.976252018522715,8.40827078419205,6.0306381249121,8.40827078419205,5.9715303322071644,8.40827078419205,5.788188120493954,8.40827078419205,28761.571428571428,26553.285714285714,21674.194805194806,23457.87012987013,0.0,482.8238,20000.0
8400206,2026-03-01,46726.0,20000.0,26726.0,77.0,0.00743,10.193429569388753,0.0,5.976252018522715,8.40827078419205,5.945061238014623,8.40827078419205,5.9715303322071644,8.40827078419205,5.788188120493954,8.40827078419205,28092.571428571428,26570.785714285714,21886.48051948052,23486.33116883117,0.0,482.8238,20000.0
8400206,2026-03-02,46726.0,20000.0,26726.0,77.0,0.00743,10.193429569388753,0.0,5.976252018522715,8.40827078419205,5.886376325529442,8.40827078419205,5.948721849568939,8.40827078419205,5.788188120493954,8.40827078419205,27423.571428571428,26588.285714285714,22098.766233766233,23514.79220779221,0.0,482.8238,20000.0
8400206,2026-03-03,42243.0,20000.0,22243.0,77.0,0.00743,10.009827588307454,0.0,5.949593571863843,8.40827078419205,5.886376325529442,8.40827078419205,5.948721849568939,8.40827078419205,5.788188120493954,8.40827078419205,26754.571428571428,26605.785714285714,22321.415584415583,23506.83766233766,0.0,498.39722,20000.0
8400206,2026-03-04,42243.0,20000.0,22243.0,77.0,0.00743,10.009827588307454,0.0,5.9549622137322435,8.40827078419205,6.104793232414985,8.40827078419205,6.217078728112174,8.40827078419205,6.1808880184827855,8.40827078419205,26085.571428571428,26611.428571428572,22542.0,23470.435064935064,0.0,498.39722,20000.0
8400206,2026-03-05,42243.0,20000.0,22243.0,77.0,0.00743,10.009827588307454,0.0,5.9549622137322435,8.40827078419205,6.099351280952692,8.40827078419205,6.217078728112174,8.40827078419205,6.1808880184827855,8.40827078419205,25445.14285714286,26617.071428571428,22762.584415584417,23435.66883116883,0.0,498.39722,20000.0
8400206,2026-03-06,42243.0,20000.0,22243.0,77.0,0.00743,10.009827588307454,0.0,5.862597583774814,8.40827078419205,6.035575245555455,8.40827078419205,6.217078728112174,8.40827078419205,6.1808880184827855,8.40827078419205,24804.714285714286,26622.714285714286,23017.194805194806,23280.084415584417,0.0,498.39722,20000.0
8400206,2026-03-07,42243.0,20000.0,22243.0,77.0,0.00743,10.009827588307454,0.0,5.862597583774814,8.40827078419205,5.989894688072862,8.40827078419205,5.988895460355196,8.40827078419205,6.1808880184827855,8.40827078419205,24164.285714285714,26628.35714285714,23169.506493506495,23124.5,0.0,498.39722,20000.0
8400206,2026-03-08,42243.0,20000.0,22243.0,77.0,0.00743,10.009827588307454,0.0,5.862597583774814,8.40827078419205,5.989894688072862,8.40827078419205,5.968909451032183,8.40827078419205,6.1808880184827855,8.40827078419205,23523.85714285714,26634.0,23321.81818181818,22968.915584415583,0.0,498.39722,20000.0
8400206,2026-03-09,41843.0,20000.0,21843.0,77.0,0.00743,9.991681563272044,0.0,5.862597583774814,8.40827078419205,5.940996505500917,8.40827078419205,5.968909451032183,8.40827078419205,6.1808880184827855,8.40827078419205,22883.428571428572,26639.64285714286,23474.12987012987,22813.33116883117,0.0,498.39722,20000.0
8400206,2026-03-10,47264.0,20000.0,27264.0,77.0,0.00743,10.213359107360162,0.0,5.877262753480088,8.40827078419205,5.961409543347451,8.40827078419205,5.995076437424384,8.40827078419205,6.223515676313305,8.40827078419205,22185.85714285714,26631.0,23621.246753246753,22655.14935064935,0.0,482.8238,20000.0
8400206,2026-03-11,46964.0,20000.0,26964.0,77.0,0.00743,10.202295007771328,0.0,5.877262753480088,8.40827078419205,5.961409543347451,8.40827078419205,5.995076437424384,8.40827078419205,6.223515676313305,8.40827078419205,22903.14285714286,26631.64285714286,23838.766233766233,22532.16883116883,0.0,482.8238,20000.0
8400206,2026-03-12,46964.0,20000.0,26964.0,77.0,0.00743,10.202295007771328,0.0,5.8881221956063925,8.40827078419205,5.976450436543599,8.40827078419205,6.0145512496053515,8.40827078419205,6.2543347564382765,8.40827078419205,23577.571428571428,26621.571428571428,24052.38961038961,22407.24025974026,0.0,482.8238,20000.0
8400206,2026-03-13,46748.0,20000.0,26748.0,77.0,0.00743,10.194252368447813,0.0,5.8881221956063925,8.40827078419205,5.976450436543599,8.40827078419205,6.0145512496053515,8.40827078419205,6.2543347564382765,8.40827078419205,24252.0,26665.071428571428,24266.012987012986,22283.675324675325,0.0,482.8238,20000.0
8400206,2026-03-14,46748.0,20000.0,26748.0,77.0,0.00743,10.194252368447813,0.0,5.89586861219384,8.40827078419205,5.987141490660188,8.40827078419205,5.7228968706795165,8.40827078419205,6.275950728662743,8.40827078419205,24895.571428571428,26700.85714285714,24476.83116883117,22159.68181818182,0.0,482.8238,20000.0
8400206,2026-03-15,46748.0,20000.0,26748.0,77.0,0.00743,10.194252368447813,0.0,5.89586861219384,8.40827078419205,5.970461199235284,8.40827078419205,5.7228968706795165,8.40827078419205,6.275950728662743,8.40827078419205,25539.14285714286,26736.64285714286,24687.64935064935,22035.68831168831,0.0,482.8238,20000.0
8400206,2026-03-16,46748.0,20000.0,26748.0,77.0,0.00743,10.194252368447813,0.0,5.89586861219384,8.40827078419205,5.970461199235284,8.40827078419205,5.7228968706795165,8.40827078419205,5.689292028497748,8.40827078419205,26182.714285714286,26772.428571428572,24898.467532467534,21911.694805194806,0.0,482.8238,20000.0
8400206,2026-03-17,42493.0,20000.0,22493.0,77.0,0.00743,10.021003885963967,0.0,5.89586861219384,8.40827078419205,5.970461199235284,8.40827078419205,5.7228968706795165,8.40827078419205,5.6530430434786,8.40827078419205,26883.428571428572,26808.214285714286,25109.285714285714,21788.25974025974,0.0,511.28088,20000.0
8400206,2026-03-18,42493.0,20000.0,22493.0,77.0,0.00743,10.021003885963967,0.0,6.037374872787489,8.40827078419205,6.16356245138608,8.40827078419205,6.034914664034506,8.40827078419205,6.232654799016107,8.40827078419205,26201.85714285714,26489.785714285714,25264.844155844155,21644.81168831169,0.0,511.28088,20000.0
8400206,2026-03-19,42459.0,20000.0,22459.0,77.0,0.00743,10.019491228292434,0.0,6.037374872787489,8.40827078419205,6.16356245138608,8.40827078419205,6.034914664034506,8.40827078419205,6.232654799016107,8.40827078419205,25563.14285714286,26171.35714285714,25420.402597402597,21522.14935064935,0.0,511.28088,20000.0
8400206,2026-03-20,42419.0,20000.0,22419.0,77.0,0.00743,10.017708696626151,0.0,6.038428678984689,8.40827078419205,5.990434605135086,8.40827078419205,6.037054106078854,8.40827078419205,6.2361635745457855,8.40827078419205,24919.571428571428,25851.714285714286,25575.51948051948,21426.746753246753,0.0,511.28088,20000.0
8400206,2026-03-21,42419.0,20000.0,22419.0,77.0,0.00743,10.017708696626151,0.0,6.039667030896757,8.40827078419205,5.9775942884649105,8.40827078419205,6.039565250596368,8.40827078419205,6.240275845170769,8.40827078419205,24301.14285714286,25530.64285714286,25730.116883116883,21333.98051948052,0.0,511.28088,20000.0
8400206,2026-03-22,42419.0,20000.0,22419.0,77.0,0.00743,10.017708696626151,0.0,6.039667030896757,8.40827078419205,5.9775942884649105,8.40827078419205,6.039565250596368,8.40827078419205,6.240275845170769,8.40827078419205,23682.714285714286,25209.571428571428,25884.714285714286,21241.214285714286,0.0,511.28088,20000.0
8400206,2026-03-23,42060.0,20000.0,22060.0,77.0,0.00743,10.001566622695764,0.0,6.039667030896757,8.40827078419205,5.977296018428895,8.40827078419205,5.940794327267225,8.40827078419205,5.624207493838712,8.35608503102148,23064.285714285714,24888.5,26039.31168831169,21148.448051948053,0.0,498.39722,20000.0
8400206,2026-03-24,48053.0,20000.0,28053.0,77.0,0.00743,10.241886503279616,0.0,6.050713127120256,8.40827078419205,5.994987745115299,8.40827078419205,5.965336694526948,8.40827078419205,5.690181629125761,8.35608503102148,22394.571428571428,24554.60714285714,25930.805194805194,21054.64285714286,0.0,482.8238,20000.0
8400206,2026-03-25,48053.0,20000.0,28053.0,77.0,0.00743,10.241886503279616,0.0,6.022818484072994,8.40827078419205,5.994987745115299,8.40827078419205,5.965336694526948,8.40827078419205,5.690181629125761,8.35608503102148,23188.85714285714,24594.85714285714,25911.805194805194,21003.064935064936,0.0,482.8238,20000.0
8400206,2026-03-26,48053.0,20000.0,28053.0,77.0,0.00743,10.241886503279616,0.0,6.008462123476553,8.40827078419205,5.994987745115299,8.40827078419205,5.965336694526948,8.40827078419205,5.690181629125761,8.35608503102148,23983.14285714286,24642.25,25898.68831168831,20975.31818181818,0.0,482.8238,20000.0
8400206,2026-03-27,47998.0,20000.0,27998.0,77.0,0.00743,10.239924074233857,0.0,5.951318730854075,8.40827078419205,5.76838226842637,8.40827078419205,5.965336694526948,8.40827078419205,5.690181629125761,8.35608503102148,24782.285714285714,24689.64285714286,25908.16883116883,20967.7012987013,0.0,482.8238,20000.0
8400206,2026-03-28,47998.0,20000.0,27998.0,77.0,0.00743,10.239924074233857,0.0,5.915011169296811,8.40827078419205,5.771746494616799,8.40827078419205,5.969044022422509,8.40827078419205,5.699915357866476,8.35608503102148,25579.285714285714,24735.071428571428,25931.35064935065,20966.967532467534,0.0,482.8238,20000.0
8400206,2026-03-29,47998.0,20000.0,27998.0,77.0,0.00743,10.239924074233857,0.0,5.915011169296811,8.40827078419205,5.771746494616799,8.40827078419205,5.969044022422509,8.40827078419205,5.626863537896829,8.35608503102148,26376.285714285714,24780.5,25954.532467532466,20966.233766233767,0.0,482.8238,20000.0
8400206,2026-03-30,47998.0,20000.0,27998.0,77.0,0.00743,10.239924074233857,0.0,5.915011169296811,8.40827078419205,5.771746494616799,8.40827078419205,5.969044022422509,8.40827078419205,5.626863537896829,8.35608503102148,27173.285714285714,24825.928571428572,25977.714285714286,20965.5,0.0,482.8238,20000.0
8400206,2026-03-31,44023.0,20000.0,24023.0,77.0,0.00743,10.086808609663166,0.0,5.910655853501419,8.40827078419205,5.771746494616799,8.40827078419205,5.969044022422509,8.40827078419205,5.568344503761097,8.35608503102148,28021.571428571428,24871.35714285714,26002.506493506495,20966.72077922078,0.0,482.8238,20000.0
8400206,2026-04-01,44023.0,20000.0,24023.0,77.0,0.00743,10.086808609663166,0.0,5.997291692117176,8.40827078419205,5.989059696988223,8.40827078419205,6.206045225656377,8.40827078419205,6.155304971467715,8.35608503102148,27445.85714285714,24934.928571428572,25993.909090909092,20942.12987012987,0.0,482.8238,20000.0
8400206,2026-04-02,44023.0,20000.0,24023.0,77.0,0.00743,10.086808609663166,0.0,5.966080136839209,8.40827078419205,5.989059696988223,8.40827078419205,6.206045225656377,8.40827078419205,6.130883181131654,8.35608503102148,26870.14285714286,24998.5,25997.675324675325,20930.772727272728,0.0,482.8238,20000.0
8400206,2026-04-03,43868.0,20000.0,23868.0,77.0,0.00743,10.080335824865035,0.0,5.966080136839209,8.40827078419205,5.989059696988223,8.40827078419205,6.206045225656377,8.40827078419205,6.130883181131654,8.35608503102148,26294.428571428572,25062.071428571428,26001.44155844156,20930.81818181818,0.0,482.8238,20000.0
8400206,2026-04-04,43868.0,20000.0,23868.0,77.0,0.00743,10.080335824865035,0.0,5.938495207793182,8.40827078419205,5.99664717250571,8.40827078419205,5.945007186151848,8.40827078419205,6.148468295917647,8.35608503102148,25704.428571428572,25120.10714285714,26015.81818181818,20939.922077922078,0.0,482.8238,20000.0
8400206,2026-04-05,43868.0,20000.0,23868.0,77.0,0.00743,10.080335824865035,0.0,5.938495207793182,8.40827078419205,5.9206843650469345,8.40827078419205,5.931127712824111,8.40827078419205,6.148468295917647,8.35608503102148,25114.428571428572,25178.14285714286,26030.194805194806,20949.025974025975,0.0,482.8238,20000.0
8400206,2026-04-06,42160.0,20000.0,22160.0,77.0,0.00743,10.006089266196847,0.0,5.938495207793182,8.40827078419205,5.9206843650469345,8.40827078419205,5.931127712824111,8.40827078419205,5.49738390522502,8.288031567776464,24524.428571428572,25236.178571428572,26044.571428571428,20958.12987012987,0.0,306.15378,20000.0
8400206,2026-04-07,49861.0,20000.0,29861.0,77.0,0.00743,10.304342048086609,0.0,5.9953207387981555,8.40827078419205,6.006739446424499,8.40827078419205,6.043882209157242,8.40827078419205,5.810983400982048,8.288031567776464,23690.428571428572,25247.5,26036.766233766233,20894.415584415583,0.0,290.58032,20000.0
8400206,2026-04-08,49461.0,20000.0,29461.0,77.0,0.00743,10.290856576374884,0.0,5.9953207387981555,8.40827078419205,6.006739446424499,8.40827078419205,6.043882209157242,8.40827078419205,5.805610442417799,8.288031567776464,24524.428571428572,25340.25,26025.03896103896,20880.733766233767,0.0,290.58032,20000.0
8400206,2026-04-09,49461.0,20000.0,29461.0,77.0,0.00743,10.290856576374884,0.0,6.008174799261126,8.40827078419205,6.025865973825314,8.40827078419205,6.068547413181825,8.40827078419205,5.861086073543075,8.288031567776464,25301.285714285714,25429.428571428572,26008.116883116883,20870.246753246753,0.0,290.58032,20000.0
8400206,2026-04-10,47822.0,20000.0,27822.0,77.0,0.00743,10.233618295752684,0.0,5.997388524097627,8.40827078419205,6.025865973825314,8.40827078419205,6.068547413181825,8.40827078419205,5.861086073543075,8.288031567776464,26078.14285714286,25518.60714285714,25995.55844155844,20881.954545454544,0.0,290.58032,20000.0
8400206,2026-04-11,47822.0,20000.0,27822.0,77.0,0.00743,10.233618295752684,0.0,6.048936764520292,8.40827078419205,6.100626651092801,8.40827078419205,5.878325317537318,8.35608503102148,6.080775908683053,8.288031567776464,26643.0,25556.964285714286,25961.714285714286,20883.01948051948,0.0,290.58032,20000.0
8400206,2026-04-12,47822.0,20000.0,27822.0,77.0,0.00743,10.233618295752684,0.0,6.048936764520292,8.40827078419205,6.100626651092801,8.40827078419205,5.878325317537318,8.35608503102148,6.036614006735043,8.288031567776464,27207.85714285714,25595.321428571428,25927.87012987013,20884.084415584417,0.0,290.58032,20000.0
8400206,2026-04-13,47822.0,20000.0,27822.0,77.0,0.00743,10.233618295752684,0.0,6.048936764520292,8.40827078419205,6.100626651092801,8.40827078419205,5.878325317537318,8.35608503102148,6.036614006735043,8.288031567776464,27772.714285714286,25633.678571428572,25894.025974025975,20885.14935064935,0.0,290.58032,20000.0
8400206,2026-04-14,45352.0,20000.0,25352.0,77.0,0.00743,10.140652345212592,0.0,6.048936764520292,8.40827078419205,6.100626651092801,8.40827078419205,5.878325317537318,8.35608503102148,6.036614006735043,8.288031567776464,28581.571428571428,25672.035714285714,25860.18181818182,20891.077922077922,0.0,290.58032,20000.0
8400206,2026-04-15,45352.0,20000.0,25352.0,77.0,0.00743,10.140652345212592,0.0,6.004560241147444,8.40827078419205,6.203685922931949,8.40827078419205,6.045504067163558,8.35608503102148,6.3071393008259875,8.288031567776464,27937.428571428572,25774.14285714286,25844.727272727272,20885.090909090908,0.0,290.58032,20000.0
8400206,2026-04-16,45352.0,20000.0,25352.0,77.0,0.00743,10.140652345212592,0.0,5.994900196939956,8.40827078419205,6.203685922931949,8.40827078419205,6.045504067163558,8.35608503102148,6.3018475195832115,8.288031567776464,27350.428571428572,25876.25,25833.16883116883,20897.116883116883,0.0,290.58032,20000.0
8400206,2026-04-17,43617.0,20000.0,23617.0,77.0,0.00743,10.069764412161227,0.0,5.994900196939956,8.40827078419205,6.007993849059193,8.40827078419205,6.020256576149019,8.35608503102148,6.3018475195832115,8.288031567776464,26763.428571428572,25979.571428571428,25821.61038961039,20916.155844155845,0.0,319.03726,20000.0
8400206,2026-04-18,43617.0,20000.0,23617.0,77.0,0.00743,10.069764412161227,0.0,6.049335189215634,8.40827078419205,6.079394619614685,8.40827078419205,6.125431700038348,8.35608503102148,6.456604393631612,8.288031567776464,26162.714285714286,26022.35714285714,25787.597402597403,20943.422077922078,0.0,319.03726,20000.0
8400206,2026-04-19,43617.0,20000.0,23617.0,77.0,0.00743,10.069764412161227,0.0,6.049335189215634,8.40827078419205,6.079394619614685,8.40827078419205,6.108018757892806,8.35608503102148,6.456604393631612,8.288031567776464,25562.0,26065.14285714286,25753.584415584417,20970.68831168831,0.0,319.03726,20000.0
8400206,2026-04-20,51318.0,20000.0,31318.0,77.0,0.00743,10.351980221114811,0.0,6.049335189215634,8.40827078419205,6.079394619614685,8.40827078419205,6.108018757892806,8.35608503102148,6.058385097381231,7.81237820598861,24961.285714285714,26107.928571428572,25719.571428571428,20997.954545454544,0.0,290.58032,20000.0
8400206,2026-04-21,49818.0,20000.0,29818.0,77.0,0.00743,10.302901053215857,0.0,6.049335189215634,8.40827078419205,6.079394619614685,8.40827078419205,6.0952909919437985,8.35608503102148,6.058385097381231,7.81237820598861,25460.714285714286,26438.571428571428,25785.571428571428,21075.227272727272,0.0,290.58032,20000.0
8400206,2026-04-22,49818.0,20000.0,29818.0,77.0,0.00743,10.302901053215857,0.0,5.964613763184465,8.40827078419205,6.144564254689265,8.40827078419205,6.1805068897927935,8.35608503102148,6.2277840706966145,7.81237820598861,26098.714285714286,26501.60714285714,25886.0,21146.616883116883,0.0,290.58032,20000.0
8400206,2026-04-23,49818.0,20000.0,29818.0,77.0,0.00743,10.302901053215857,0.0,5.964613763184465,8.40827078419205,6.144564254689265,8.40827078419205,6.1805068897927935,8.35608503102148,6.211550798059661,7.81237820598861,26736.714285714286,26564.64285714286,25986.428571428572,21226.94155844156,0.0,290.58032,20000.0
8400206,2026-04-24,45674.0,20000.0,25674.0,77.0,0.00743,10.15327303479676,0.0,5.964613763184465,8.40827078419205,5.935620148464537,8.35608503102148,6.1805068897927935,8.35608503102148,6.211550798059661,7.81237820598861,27374.714285714286,26627.678571428572,26086.85714285714,21325.64285714286,0.0,290.58032,20000.0
8400206,2026-04-25,45674.0,20000.0,25674.0,77.0,0.00743,10.15327303479676,0.0,6.094068018857448,8.40827078419205,6.1302029479403535,8.35608503102148,6.174443782320908,8.329658067569396,6.57448842594142,8.329658067569396,27668.571428571428,26544.678571428572,26133.467532467534,21397.487012987014,0.0,546.0655,20000.0
8400206,2026-04-26,45674.0,20000.0,25674.0,77.0,0.00743,10.15327303479676,0.0,6.094068018857448,8.40827078419205,6.1302029479403535,8.35608503102148,6.174443782320908,8.329658067569396,6.440442762284735,8.329658067569396,27962.428571428572,26461.678571428572,26180.077922077922,21469.33116883117,0.0,546.0655,20000.0
8400206,2026-04-27,45674.0,20000.0,25674.0,77.0,0.00743,10.15327303479676,0.0,6.094068018857448,8.40827078419205,6.1302029479403535,8.35608503102148,6.172579235578369,8.329658067569396,6.440442762284735,8.329658067569396,28256.285714285714,26378.678571428572,26226.68831168831,21541.175324675325,0.0,546.0655,20000.0
8400206,2026-04-28,45674.0,20000.0,25674.0,77.0,0.00743,10.15327303479676,0.0,6.094068018857448,8.40827078419205,6.1302029479403535,8.35608503102148,6.17038119095233,8.329658067569396,6.4062718456570185,8.329658067569396,27450.0,26295.678571428572,26273.2987012987,21614.70779220779,0.0,546.0655,20000.0
8400206,2026-04-29,45674.0,20000.0,25674.0,77.0,0.00743,10.15327303479676,0.0,6.094068018857448,8.40827078419205,6.1302029479403535,8.35608503102148,6.17038119095233,8.329658067569396,6.4062718456570185,8.329658067569396,26858.0,26354.64285714286,26252.883116883117,21698.402597402597,0.0,546.0655,20000.0
8400206,2026-04-30,45674.0,20000.0,25674.0,77.0,0.00743,10.15327303479676,0.0,6.094068018857448,8.40827078419205,6.1129878559022375,8.35608503102148,6.17038119095233,8.329658067569396,6.252613498482807,8.329658067569396,26266.0,26413.60714285714,26232.467532467534,21782.097402597403,0.0,546.0655,20000.0
8400206,2026-05-01,45674.0,20000.0,25674.0,77.0,0.00743,10.15327303479676,0.0,6.049120672566787,8.40827078419205,6.1129878559022375,8.35608503102148,6.150434423001029,8.329658067569396,6.252613498482807,8.329658067569396,25674.0,26472.571428571428,26231.532467532466,21871.85714285714,0.0,546.0655,20000.0
8400206,2026-05-02,45674.0,20000.0,25674.0,77.0,0.00743,10.15327303479676,0.0,6.049120672566787,8.40827078419205,6.099879217612556,8.35608503102148,6.150434423001029,8.329658067569396,6.252613498482807,8.329658067569396,25674.0,26537.071428571428,26230.597402597403,21969.344155844155,0.0,546.0655,20000.0
8400206,2026-05-03,45674.0,20000.0,25674.0,77.0,0.00743,10.15327303479676,0.0,6.049120672566787,8.40827078419205,6.099879217612556,8.35608503102148,6.150434423001029,8.329658067569396,6.252613498482807,8.329658067569396,25674.0,26601.571428571428,26229.66233766234,22066.83116883117,0.0,546.0655,20000.0
8400206,2026-05-04,41800.0,20000.0,21800.0,77.0,0.00743,9.989711119284745,0.0,6.049120672566787,8.40827078419205,6.090333449529301,8.35608503102148,6.150434423001029,8.329658067569396,5.9645259932259584,8.329658067569396,25674.0,26666.071428571428,26228.727272727272,22164.31818181818,0.0,561.63904,20000.0
8400206,2026-05-05,51500.0,20000.0,31500.0,77.0,0.00743,10.357774570341576,0.0,6.161316910736282,8.40827078419205,6.249066357852449,8.35608503102148,6.344620147521133,8.329658067569396,6.385638074412076,8.329658067569396,25120.571428571428,26653.214285714286,26177.48051948052,22242.0,0.0,546.0655,20000.0
8400206,2026-05-06,50700.0,20000.0,30700.0,77.0,0.00743,10.332050506334692,0.0,6.161316910736282,8.40827078419205,6.249066357852449,8.35608503102148,6.344620147521133,8.329658067569396,6.385638074412076,8.329658067569396,25952.85714285714,26711.75,26178.66233766234,22396.694805194806,0.0,546.0655,20000.0
8400206,2026-05-07,50700.0,20000.0,30700.0,77.0,0.00743,10.332050506334692,0.0,6.182996801643709,8.40827078419205,6.2789260069913055,8.35608503102148,6.380925069378525,8.329658067569396,6.2990459914020445,8.329658067569396,26670.85714285714,26756.0,26169.454545454544,22551.35714285714,0.0,546.0655,20000.0
8400206,2026-05-08,50700.0,20000.0,30700.0,77.0,0.00743,10.332050506334692,0.0,6.182996801643709,8.40827078419205,6.108768165029802,8.329658067569396,6.380925069378525,8.329658067569396,6.2990459914020445,8.329658067569396,27388.85714285714,26800.25,26160.246753246753,22708.35714285714,0.0,546.0655,20000.0
8400206,2026-05-09,50700.0,20000.0,30700.0,77.0,0.00743,10.332050506334692,0.0,6.182996801643709,8.40827078419205,6.108768165029802,8.329658067569396,6.185937848669357,8.329658067569396,6.2990459914020445,8.329658067569396,28106.85714285714,26903.035714285714,26151.03896103896,22872.37012987013,0.0,546.0655,20000.0
8400206,2026-05-10,50700.0,20000.0,30700.0,77.0,0.00743,10.332050506334692,0.0,6.182996801643709,8.40827078419205,6.107284873596517,8.329658067569396,6.185937848669357,8.329658067569396,6.2990459914020445,8.329658067569396,28824.85714285714,27005.821428571428,26141.83116883117,23036.383116883117,0.0,546.0655,20000.0
8400206,2026-05-11,50700.0,20000.0,30700.0,77.0,0.00743,10.332050506334692,0.0,6.182996801643709,8.40827078419205,6.10553700336783,8.329658067569396,6.185937848669357,8.329658067569396,6.142263752351564,8.329658067569396,29542.85714285714,27108.60714285714,26132.623376623378,23200.396103896102,0.0,546.0655,20000.0
8400206,2026-05-12,46396.0,20000.0,26396.0,77.0,0.00743,10.18100564631367,0.0,6.182996801643709,8.40827078419205,6.10553700336783,8.329658067569396,6.177507242047147,8.329658067569396,6.142263752351564,8.329658067569396,30814.285714285714,27211.39285714286,26123.415584415583,23374.7987012987,0.0,546.0655,20000.0
8400206,2026-05-13,46180.0,20000.0,26180.0,77.0,0.00743,10.172789235831422,0.0,6.178186580746294,8.40827078419205,6.278006263718773,8.367532416861831,6.388649858068796,8.367532416861831,6.539053413477197,8.367532416861831,30085.14285714286,27248.678571428572,26116.532467532466,23528.409090909092,0.0,482.8238,20000.0
8400206,2026-05-14,46180.0,20000.0,26180.0,77.0,0.00743,10.172789235831422,0.0,6.178617487542437,8.40827078419205,6.272729011873706,8.367532416861831,6.398156971930213,8.367532416861831,6.183931829942492,8.367532416861831,29439.428571428572,27278.25,26109.44155844156,23686.597402597403,0.0,482.8238,20000.0
8400206,2026-05-15,46180.0,20000.0,26180.0,77.0,0.00743,10.172789235831422,0.0,6.178617487542437,8.40827078419205,6.272729011873706,8.367532416861831,6.320389578093812,8.367532416861831,6.183931829942492,8.367532416861831,28793.714285714286,27307.821428571428,26102.35064935065,23782.12987012987,0.0,482.8238,20000.0
8400206,2026-05-16,46180.0,20000.0,26180.0,77.0,0.00743,10.172789235831422,0.0,6.178617487542437,8.40827078419205,6.272729011873706,8.367532416861831,6.320389578093812,8.367532416861831,6.183931829942492,8.367532416861831,28148.0,27399.35714285714,26095.25974025974,23884.727272727272,0.0,482.8238,20000.0
8400206,2026-05-17,46180.0,20000.0,26180.0,77.0,0.00743,10.172789235831422,0.0,6.178617487542437,8.40827078419205,6.272729011873706,8.367532416861831,6.301268536647034,8.367532416861831,6.183931829942492,8.367532416861831,27502.285714285714,27490.89285714286,26088.16883116883,23987.324675324675,0.0,482.8238,20000.0
8400206,2026-05-18,46180.0,20000.0,26180.0,77.0,0.00743,10.172789235831422,0.0,6.178617487542437,8.40827078419205,6.270691860957145,8.367532416861831,6.301268536647034,8.367532416861831,6.183931829942492,8.367532416861831,26856.571428571428,27582.428571428572,26081.077922077922,24089.922077922078,0.0,482.8238,20000.0
8400206,2026-05-19,42214.0,20000.0,22214.0,77.0,0.00743,10.00852301537001,0.0,6.178617487542437,8.40827078419205,6.270691860957145,8.367532416861831,6.218862194803956,8.367532416861831,6.183931829942492,8.367532416861831,26210.85714285714,27398.928571428572,26073.987012987014,24197.7012987013,0.0,498.39722,20000.0
8400206,2026-05-20,42214.0,20000.0,22214.0,77.0,0.00743,10.00852301537001,0.0,6.164599009847976,8.367532416861831,6.407882524839958,8.367532416861831,6.407704728384105,8.367532416861831,6.541940953477448,8.367532416861831,25613.428571428572,27127.35714285714,26073.61038961039,24307.805194805194,0.0,498.39722,20000.0
8400206,2026-05-21,42214.0,20000.0,22214.0,77.0,0.00743,10.00852301537001,0.0,6.164599009847976,8.367532416861831,6.407882524839958,8.367532416861831,6.407704728384105,8.367532416861831,6.541940953477448,8.367532416861831,25046.85714285714,26855.785714285714,26073.233766233767,24417.909090909092,0.0,498.39722,20000.0
8400206,2026-05-22,42214.0,20000.0,22214.0,77.0,0.00743,10.00852301537001,0.0,6.164599009847976,8.367532416861831,6.270358113526684,8.367532416861831,6.407704728384105,8.367532416861831,6.541940953477448,8.367532416861831,24480.285714285714,26584.214285714286,26072.85714285714,24545.025974025975,0.0,498.39722,20000.0
8400206,2026-05-23,42214.0,20000.0,22214.0,77.0,0.00743,10.00852301537001,0.0,6.164599009847976,8.367532416861831,6.270358113526684,8.367532416861831,6.294343066441045,8.367532416861831,6.541940953477448,8.367532416861831,23913.714285714286,26460.64285714286,26072.48051948052,24620.993506493505,0.0,498.39722,20000.0
8400206,2026-05-24,42214.0,20000.0,22214.0,77.0,0.00743,10.00852301537001,0.0,6.164599009847976,8.367532416861831,6.270358113526684,8.367532416861831,6.294343066441045,8.367532416861831,6.193868189909911,8.367532416861831,23347.14285714286,26337.071428571428,26072.103896103898,24696.96103896104,0.0,498.39722,20000.0
8400206,2026-05-25,42031.0,20000.0,22031.0,77.0,0.00743,10.000251220968437,0.0,6.164599009847976,8.367532416861831,6.264592693699251,8.367532416861831,6.294343066441045,8.367532416861831,6.193868189909911,8.367532416861831,22780.571428571428,26213.5,26071.727272727272,24772.928571428572,0.0,498.39722,20000.0
8400206,2026-05-26,47902.0,20000.0,27902.0,77.0,0.00743,10.236489488910577,0.0,6.158655984975128,8.367532416861831,6.2713960732877245,8.367532416861831,6.2159230230035005,8.367532416861831,6.1252590630072765,8.367532416861831,22187.85714285714,26083.39285714286,26074.16883116883,24847.70779220779,0.0,482.8238,20000.0
8400206,2026-05-27,47902.0,20000.0,27902.0,77.0,0.00743,10.236489488910577,0.0,6.158655984975128,8.367532416861831,6.2713960732877245,8.367532416861831,6.2159230230035005,8.367532416861831,6.1252590630072765,8.367532416861831,23000.428571428572,26162.964285714286,26082.454545454544,24960.61038961039,0.0,482.8238,20000.0
8400206,2026-05-28,47902.0,20000.0,27902.0,77.0,0.00743,10.236489488910577,0.0,6.150381217031598,8.367532416861831,6.206022326331177,8.367532416861831,6.2159230230035005,8.367532416861831,6.1252590630072765,8.367532416861831,23813.0,26242.535714285714,26094.636363636364,25073.512987012986,0.0,482.8238,20000.0
8400206,2026-05-29,47902.0,20000.0,27902.0,77.0,0.00743,10.236489488910577,0.0,6.150381217031598,8.367532416861831,6.206022326331177,8.367532416861831,6.2159230230035005,8.367532416861831,6.1252590630072765,8.367532416861831,24625.571428571428,26322.10714285714,26106.81818181818,25186.415584415583,0.0,482.8238,20000.0
8400206,2026-05-30,47902.0,20000.0,27902.0,77.0,0.00743,10.236489488910577,0.0,6.14438069898533,8.367532416861831,6.190074296750111,8.367532416861831,6.133797552176405,8.367532416861831,6.1252590630072765,8.367532416861831,25438.14285714286,26401.678571428572,26121.805194805194,25299.31818181818,0.0,482.8238,20000.0
8400206,2026-05-31,47902.0,20000.0,27902.0,77.0,0.00743,10.236489488910577,0.0,6.14438069898533,8.367532416861831,6.190074296750111,8.367532416861831,6.133797552176405,8.367532416861831,6.1252590630072765,8.367532416861831,26250.714285714286,26481.25,26136.79220779221,25412.22077922078,0.0,482.8238,20000.0
8400206,2026-06-01,47875.0,20000.0,27875.0,77.0,0.00743,10.23552138255841,0.0,6.14438069898533,8.367532416861831,6.121933657690102,8.367532416861831,6.133797552176405,8.367532416861831,5.441277849461411,8.28576542051433,27063.285714285714,26560.821428571428,26151.77922077922,25525.123376623378,0.0,290.58032,20000.0
8400206,2026-06-02,44032.0,20000.0,24032.0,77.0,0.00743,10.087183164883227,0.0,6.145132735787016,8.367532416861831,6.123094623572012,8.367532416861831,5.866020662995479,8.367532416861831,5.397209639734866,8.28576542051433,27898.14285714286,26777.785714285714,26166.415584415583,25637.85064935065,0.0,290.58032,20000.0
8400206,2026-06-03,44032.0,20000.0,24032.0,77.0,0.00743,10.087183164883227,0.0,6.133595223318691,8.367532416861831,6.2759429639189515,8.367532416861831,6.118039232067359,8.367532416861831,6.047496595842706,8.28576542051433,27345.285714285714,26511.071428571428,26186.402597402597,25725.623376623378,0.0,290.58032,20000.0
8400206,2026-06-04,44032.0,20000.0,24032.0,77.0,0.00743,10.087183164883227,0.0,6.133595223318691,8.367532416861831,6.2759429639189515,8.367532416861831,6.118039232067359,8.367532416861831,6.047496595842706,8.28576542051433,26792.428571428572,26272.928571428572,26206.38961038961,25813.396103896102,0.0,290.58032,20000.0
8400206,2026-06-05,44032.0,20000.0,24032.0,77.0,0.00743,10.087183164883227,0.0,6.132637125913984,8.367532416861831,6.180422530758559,8.367532416861831,6.118039232067359,8.367532416861831,6.047496595842706,8.28576542051433,26239.571428571428,26034.785714285714,26226.81818181818,25901.16883116883,0.0,290.58032,20000.0
8400206,2026-06-06,44032.0,20000.0,24032.0,77.0,0.00743,10.087183164883227,0.0,6.131508776005834,8.367532416861831,6.180422530758559,8.367532416861831,6.118039232067359,8.367532416861831,6.047496595842706,8.28576542051433,25686.714285714286,25796.64285714286,26247.766233766233,25988.94155844156,0.0,290.58032,20000.0
8400206,2026-06-07,44032.0,20000.0,24032.0,77.0,0.00743,10.087183164883227,0.0,6.131508776005834,8.367532416861831,6.180422530758559,8.367532416861831,6.118039232067359,8.367532416861831,6.047496595842706,8.28576542051433,25133.85714285714,25558.5,26268.714285714286,26076.714285714286,0.0,290.58032,20000.0
8400206,2026-06-08,42109.0,20000.0,22109.0,77.0,0.00743,10.003785273851491,0.0,6.131508776005834,8.367532416861831,6.107415840789423,8.367532416861831,6.118039232067359,8.367532416861831,5.367450579063918,8.254268770090183,24581.0,25320.35714285714,26289.66233766234,26164.487012987014,0.0,306.15378,20000.0
8400206,2026-06-09,49732.0,20000.0,29732.0,77.0,0.00743,10.300012819074817,0.0,6.174705594460811,8.367532416861831,6.18802251882918,8.367532416861831,6.223724313910556,8.367532416861831,5.754242088295174,8.254268770090183,23757.285714285714,25013.535714285714,26290.2987012987,26110.551948051947,0.0,290.58032,20000.0
8400206,2026-06-10,49020.0,20000.0,29020.0,77.0,0.00743,10.275774984838279,0.0,6.174705594460811,8.367532416861831,6.18802251882918,8.367532416861831,6.223724313910556,8.367532416861831,5.754242088295174,8.254268770090183,24571.571428571428,25132.678571428572,26312.103896103898,26111.954545454544,0.0,290.58032,20000.0
8400206,2026-06-11,49020.0,20000.0,29020.0,77.0,0.00743,10.275774984838279,0.0,6.193769090112845,8.367532416861831,6.216292952767435,8.367532416861831,6.260185085813633,8.367532416861831,5.8664680569332965,8.254268770090183,25284.14285714286,25234.10714285714,26324.66233766234,26111.675324675325,0.0,290.58032,20000.0
8400206,2026-06-12,49020.0,20000.0,29020.0,77.0,0.00743,10.275774984838279,0.0,6.193769090112845,8.367532416861831,6.1557735401522535,8.367532416861831,6.043507560386079,8.367532416861831,5.8664680569332965,8.254268770090183,25996.714285714286,25335.535714285714,26337.22077922078,26122.694805194806,0.0,290.58032,20000.0
8400206,2026-06-13,49020.0,20000.0,29020.0,77.0,0.00743,10.275774984838279,0.0,6.1923093714466,8.367532416861831,6.1557735401522535,8.367532416861831,6.043507560386079,8.367532416861831,5.8664680569332965,8.254268770090183,26709.285714285714,25436.964285714286,26350.493506493505,26140.922077922078,0.0,290.58032,20000.0
8400206,2026-06-14,49020.0,20000.0,29020.0,77.0,0.00743,10.275774984838279,0.0,6.1923093714466,8.367532416861831,6.1557735401522535,8.367532416861831,5.992253709321765,8.367532416861831,5.838803984574464,8.254268770090183,27421.85714285714,25538.39285714286,26363.766233766233,26159.14935064935,0.0,290.58032,20000.0
8400206,2026-06-15,47453.0,20000.0,27453.0,77.0,0.00743,10.220267155811605,0.0,6.1923093714466,8.367532416861831,5.96659912546934,8.367532416861831,5.992253709321765,8.367532416861831,5.838803984574464,8.254268770090183,28134.428571428572,25639.821428571428,26377.03896103896,26177.376623376622,0.0,290.58032,20000.0
8400206,2026-06-16,45024.0,20000.0,25024.0,77.0,0.00743,10.127630604183421,0.0,6.233085682205778,8.367532416861831,6.042399934317144,8.367532416861831,6.0902972237633115,8.367532416861831,6.054068632641399,8.254268770090183,28897.85714285714,25685.285714285714,26369.96103896104,26186.233766233767,0.0,290.58032,20000.0
8400206,2026-06-17,45024.0,20000.0,25024.0,77.0,0.00743,10.127630604183421,0.0,6.192866970069707,8.367532416861831,6.149598878287933,8.367532416861831,6.2254959781747035,8.367532416861831,6.31659450712526,8.254268770090183,28225.285714285714,25785.64285714286,26382.96103896104,26188.435064935064,0.0,290.58032,20000.0
8400206,2026-06-18,45024.0,20000.0,25024.0,77.0,0.00743,10.127630604183421,0.0,6.192866970069707,8.367532416861831,6.149598878287933,8.367532416861831,6.2254959781747035,8.367532416861831,6.31659450712526,8.254268770090183,27654.428571428572,25886.0,26395.96103896104,26196.81818181818,0.0,290.58032,20000.0
8400206,2026-06-19,45024.0,20000.0,25024.0,77.0,0.00743,10.127630604183421,0.0,6.192866970069707,8.367532416861831,6.149598878287933,8.367532416861831,6.2254959781747035,8.367532416861831,6.31659450712526,8.254268770090183,27083.571428571428,25986.35714285714,26408.96103896104,26205.2012987013,0.0,290.58032,20000.0
8400206,2026-06-20,45024.0,20000.0,25024.0,77.0,0.00743,10.127630604183421,0.0,6.18874402071364,8.367532416861831,6.149598878287933,8.367532416861831,5.9717987525550384,8.28576542051433,6.31659450712526,8.254268770090183,26512.714285714286,26086.714285714286,26423.974025974025,26219.896103896102,0.0,353.8221,20000.0
8400206,2026-06-21,45024.0,20000.0,25024.0,77.0,0.00743,10.127630604183421,0.0,6.18874402071364,8.367532416861831,6.149598878287933,8.367532416861831,5.957199953133886,8.28576542051433,6.314024667991471,8.254268770090183,25941.85714285714,26187.071428571428,26438.987012987014,26234.590909090908,0.0,353.8221,20000.0
8400206,2026-06-22,50740.0,20000.0,30740.0,77.0,0.00743,10.333352547467827,0.0,6.18874402071364,8.367532416861831,6.149598878287933,8.367532416861831,5.957199953133886,8.28576542051433,5.857933154483459,7.795646536334594,25371.0,26287.428571428572,26454.0,26249.285714285714,0.0,353.8221,20000.0
8400206,2026-06-23,50740.0,20000.0,30740.0,77.0,0.00743,10.333352547467827,0.0,6.14214911558831,8.367532416861831,6.149598878287933,8.367532416861831,5.957199953133886,8.28576542051433,5.857933154483459,7.795646536334594,25840.571428571428,26598.464285714286,26565.428571428572,26301.097402597403,0.0,353.8221,20000.0
8400206,2026-06-24,50740.0,20000.0,30740.0,77.0,0.00743,10.333352547467827,0.0,6.14214911558831,8.367532416861831,6.149598878287933,8.367532416861831,5.957199953133886,8.28576542051433,5.857933154483459,7.795646536334594,26657.14285714286,26699.821428571428,26576.844155844155,26300.94155844156,0.0,353.8221,20000.0
8400206,2026-06-25,50740.0,20000.0,30740.0,77.0,0.00743,10.333352547467827,0.0,6.130915882243495,8.367532416861831,5.972711368947373,8.367532416861831,5.957199953133886,8.28576542051433,5.857933154483459,7.795646536334594,27473.714285714286,26801.178571428572,26593.454545454544,26300.785714285714,0.0,353.8221,20000.0
8400206,2026-06-26,50740.0,20000.0,30740.0,77.0,0.00743,10.333352547467827,0.0,6.130915882243495,8.367532416861831,5.972711368947373,8.367532416861831,5.957199953133886,8.28576542051433,5.857933154483459,7.795646536334594,28290.285714285714,26902.535714285714,26610.064935064936,26302.81168831169,0.0,353.8221,20000.0
8400206,2026-06-27,50740.0,20000.0,30740.0,77.0,0.00743,10.333352547467827,0.0,6.083522691525929,8.367532416861831,5.931933077582806,8.367532416861831,5.642466824661097,8.254268770090183,5.857933154483459,7.795646536334594,29106.85714285714,27003.89285714286,26647.96103896104,26304.83766233766,0.0,353.8221,20000.0
8400206,2026-06-28,50740.0,20000.0,30740.0,77.0,0.00743,10.333352547467827,0.0,6.083522691525929,8.367532416861831,5.931933077582806,8.367532416861831,5.642466824661097,8.254268770090183,5.516607051626796,7.795646536334594,29923.428571428572,27105.25,26685.85714285714,26306.863636363636,0.0,353.8221,20000.0
8400206,2026-06-29,46860.0,20000.0,26860.0,77.0,0.00743,10.198430699466112,0.0,6.083522691525929,8.367532416861831,5.931933077582806,8.367532416861831,5.642466824661097,8.254268770090183,5.516607051626796,7.795646536334594,30740.0,27206.60714285714,26723.753246753247,26308.88961038961,0.0,353.8221,20000.0
8400206,2026-06-30,46860.0,20000.0,26860.0,77.0,0.00743,10.198430699466112,0.0,6.192282811374356,8.367532416861831,6.115805552891862,8.367532416861831,5.951327624889645,8.263848131368906,6.029545947523302,8.263848131368906,30185.714285714286,27170.35714285714,26711.25974025974,26285.72077922078,0.0,353.8221,20000.0
8400206,2026-07-01,46860.0,20000.0,26860.0,77.0,0.00743,10.198430699466112,0.0,6.124427596437865,8.367532416861831,6.115805552891862,8.367532416861831,5.951327624889645,8.263848131368906,6.029545947523302,8.263848131368906,29631.428571428572,27271.35714285714,26730.844155844155,26287.785714285714,0.0,353.8221,20000.0
8400206,2026-07-02,46860.0,20000.0,26860.0,77.0,0.00743,10.198430699466112,0.0,6.124427596437865,8.367532416861831,6.115805552891862,8.367532416861831,5.951327624889645,8.263848131368906,6.029545947523302,8.263848131368906,29077.14285714286,27372.35714285714,26750.428571428572,26291.7987012987,0.0,353.8221,20000.0
8400206,2026-07-03,46860.0,20000.0,26860.0,77.0,0.00743,10.198430699466112,0.0,6.124427596437865,8.367532416861831,5.90962692889227,8.28576542051433,5.938715900580261,8.263848131368906,6.029545947523302,8.263848131368906,28522.85714285714,27473.35714285714,26770.012987012986,26295.81168831169,0.0,353.8221,20000.0
8400206,2026-07-04,46860.0,20000.0,26860.0,77.0,0.00743,10.198430699466112,0.0,6.073852155698825,8.367532416861831,5.898069199508429,8.28576542051433,5.938715900580261,8.263848131368906,6.029545947523302,8.263848131368906,27968.571428571428,27574.35714285714,26812.12987012987,26299.863636363636,0.0,353.8221,20000.0
8400206,2026-07-05,46860.0,20000.0,26860.0,77.0,0.00743,10.198430699466112,0.0,6.073852155698825,8.367532416861831,5.898069199508429,8.28576542051433,5.938715900580261,8.263848131368906,5.808300530281049,8.263848131368906,27414.285714285714,27675.35714285714,26854.246753246753,26303.915584415583,0.0,353.8221,20000.0
8400206,2026-07-06,46860.0,20000.0,26860.0,77.0,0.00743,10.198430699466112,0.0,6.073852155698825,8.367532416861831,5.898069199508429,8.28576542051433,5.938715900580261,8.263848131368906,5.324036409816157,8.263848131368906,26860.0,27776.35714285714,26896.363636363636,26307.967532467534,0.0,353.8221,20000.0
8400206,2026-07-07,42577.0,20000.0,22577.0,77.0,0.00743,10.024731259821491,0.0,6.073852155698825,8.367532416861831,5.898069199508429,8.28576542051433,5.938715900580261,8.263848131368906,5.324036409816157,8.263848131368906,26860.0,27946.035714285714,26838.467532467534,26312.01948051948,0.0,382.27905,20000.0
8400206,2026-07-08,42361.0,20000.0,22361.0,77.0,0.00743,10.015118368707313,0.0,6.153782157641155,8.367532416861831,6.105493267445323,8.36264243156764,6.198799589269006,8.36264243156764,6.065252919322903,8.36264243156764,26248.14285714286,27690.5,26744.428571428572,26315.214285714286,0.0,511.28088,20000.0
8400206,2026-07-09,42361.0,20000.0,22361.0,77.0,0.00743,10.015118368707313,0.0,6.159726692980065,8.367532416861831,6.11489608789771,8.36264243156764,6.21028296904673,8.36264243156764,6.091309882077698,8.36264243156764,25605.428571428572,27452.678571428572,26647.584415584417,26317.006493506495,0.0,511.28088,20000.0
8400206,2026-07-10,42361.0,20000.0,22361.0,77.0,0.00743,10.015118368707313,0.0,6.159726692980065,8.367532416861831,5.9263506971018,8.36264243156764,6.208854737430467,8.36264243156764,6.091309882077698,8.36264243156764,24962.714285714286,27214.85714285714,26550.74025974026,26318.7987012987,0.0,511.28088,20000.0
8400206,2026-07-11,42361.0,20000.0,22361.0,77.0,0.00743,10.015118368707313,0.0,6.039017087357064,8.367532416861831,5.9263506971018,8.36264243156764,5.981414211254481,8.36264243156764,6.091309882077698,8.36264243156764,24320.0,26977.035714285714,26507.714285714286,26320.590909090908,0.0,511.28088,20000.0
8400206,2026-07-12,42361.0,20000.0,22361.0,77.0,0.00743,10.015118368707313,0.0,6.039017087357064,8.367532416861831,5.9263506971018,8.36264243156764,5.981414211254481,8.36264243156764,6.091309882077698,8.36264243156764,23677.285714285714,26739.214285714286,26464.68831168831,26322.383116883117,0.0,511.28088,20000.0
8400206,2026-07-13,41761.0,20000.0,21761.0,77.0,0.00743,9.987920608510958,0.0,6.039017087357064,8.367532416861831,5.9263506971018,8.36264243156764,5.981414211254481,8.36264243156764,6.091309882077698,8.36264243156764,23034.571428571428,26501.39285714286,26421.66233766234,26324.175324675325,0.0,498.39722,20000.0
8400206,2026-07-14,47897.0,20000.0,27897.0,77.0,0.00743,10.23631028065218,0.0,6.05742251489978,8.367532416861831,5.957258689501058,8.36264243156764,6.020512232548213,8.36264243156764,6.160318630234677,8.36264243156764,22306.14285714286,26298.10714285714,26370.844155844155,26322.071428571428,0.0,482.8238,20000.0
8400206,2026-07-15,47897.0,20000.0,27897.0,77.0,0.00743,10.23631028065218,0.0,6.05742251489978,8.367532416861831,5.957258689501058,8.36264243156764,6.020512232548213,8.36264243156764,6.160318630234677,8.36264243156764,23066.14285714286,26400.714285714286,26399.714285714286,26326.2987012987,0.0,482.8238,20000.0
8400206,2026-07-16,47897.0,20000.0,27897.0,77.0,0.00743,10.23631028065218,0.0,6.05742251489978,8.367532416861831,5.947932593112565,8.36264243156764,6.020512232548213,8.36264243156764,6.160318630234677,8.36264243156764,23857.0,26503.321428571428,26428.584415584417,26330.525974025975,0.0,482.8238,20000.0
8400206,2026-07-17,47897.0,20000.0,27897.0,77.0,0.00743,10.23631028065218,0.0,6.05742251489978,8.367532416861831,5.947932593112565,8.36264243156764,5.889388106651346,8.36264243156764,6.160318630234677,8.36264243156764,24647.85714285714,26605.928571428572,26457.454545454544,26344.493506493505,0.0,482.8238,20000.0
8400206,2026-07-18,47897.0,20000.0,27897.0,77.0,0.00743,10.23631028065218,0.0,6.05742251489978,8.367532416861831,5.947932593112565,8.36264243156764,5.889388106651346,8.36264243156764,6.160318630234677,8.36264243156764,25438.714285714286,26708.535714285714,26486.324675324675,26358.46103896104,0.0,482.8238,20000.0
8400206,2026-07-19,47897.0,20000.0,27897.0,77.0,0.00743,10.23631028065218,0.0,6.05742251489978,8.367532416861831,5.947932593112565,8.36264243156764,5.836117977050372,8.36264243156764,5.5960800375532935,8.36264243156764,26229.571428571428,26811.14285714286,26515.194805194806,26372.428571428572,0.0,482.8238,20000.0
8400206,2026-07-20,47897.0,20000.0,27897.0,77.0,0.00743,10.23631028065218,0.0,6.05742251489978,8.367532416861831,5.947932593112565,8.36264243156764,5.836117977050372,8.36264243156764,5.5960800375532935,8.36264243156764,27020.428571428572,26913.75,26544.064935064936,26386.396103896102,0.0,482.8238,20000.0
8400206,2026-07-21,44281.0,20000.0,24281.0,77.0,0.00743,10.09749061410392,0.0,5.932141837176625,8.367532416861831,5.947932593112565,8.36264243156764,5.836117977050372,8.36264243156764,5.5960800375532935,8.36264243156764,27897.0,26812.214285714286,26623.246753246753,26400.363636363636,0.0,482.8238,20000.0
8400206,2026-07-22,44281.0,20000.0,24281.0,77.0,0.00743,10.09749061410392,0.0,6.049549659856957,8.367532416861831,6.117794828759763,8.36264243156764,6.081317278361529,8.36264243156764,6.130539754879066,8.36264243156764,27380.428571428572,26581.535714285714,26529.493506493505,26354.077922077922,0.0,482.8238,20000.0
8400206,2026-07-23,44281.0,20000.0,24281.0,77.0,0.00743,10.09749061410392,0.0,6.024736030202266,8.367532416861831,6.116627690061988,8.36264243156764,6.081317278361529,8.36264243156764,6.130539754879066,8.36264243156764,26863.85714285714,26350.85714285714,26446.12987012987,26307.79220779221,0.0,482.8238,20000.0
8400206,2026-07-24,44281.0,20000.0,24281.0,77.0,0.00743,10.09749061410392,0.0,6.024736030202266,8.367532416861831,5.9348423216732655,8.36264243156764,5.982344134934912,8.36264243156764,6.130539754879066,8.36264243156764,26347.285714285714,26120.178571428572,26362.766233766233,26261.506493506495,0.0,482.8238,20000.0
8400206,2026-07-25,44281.0,20000.0,24281.0,77.0,0.00743,10.09749061410392,0.0,6.024736030202266,8.367532416861831,5.9348423216732655,8.36264243156764,5.806481557103652,8.36264243156764,6.130539754879066,8.36264243156764,25830.714285714286,25889.5,26279.402597402597,26215.22077922078,0.0,482.8238,20000.0
8400206,2026-07-26,44281.0,20000.0,24281.0,77.0,0.00743,10.09749061410392,0.0,6.024736030202266,8.367532416861831,5.9348423216732655,8.36264243156764,5.806481557103652,8.36264243156764,6.130539754879066,8.36264243156764,25314.14285714286,25658.821428571428,26196.03896103896,26168.935064935064,0.0,482.8238,20000.0
8400206,2026-07-27,44281.0,20000.0,24281.0,77.0,0.00743,10.09749061410392,0.0,6.024736030202266,8.367532416861831,5.9348423216732655,8.36264243156764,5.806481557103652,8.36264243156764,5.456445089849414,8.193400231952097,24797.571428571428,25428.14285714286,26112.675324675325,26122.64935064935,0.0,290.58032,20000.0
8400206,2026-07-28,41949.0,20000.0,21949.0,77.0,0.00743,9.996522418503318,0.0,6.024736030202266,8.367532416861831,5.9348423216732655,8.36264243156764,5.806481557103652,8.36264243156764,5.406699627919714,8.193400231952097,24281.0,25336.035714285714,26029.31168831169,26076.363636363636,0.0,306.15378,20000.0
8400206,2026-07-29,41949.0,20000.0,21949.0,77.0,0.00743,9.996522418503318,0.0,5.960804489356471,8.36264243156764,6.049039540833147,8.36264243156764,5.975883260560414,8.36264243156764,5.845373407024532,8.193400231952097,23947.85714285714,25160.64285714286,25971.55844155844,26044.045454545456,0.0,306.15378,20000.0
8400206,2026-07-30,41949.0,20000.0,21949.0,77.0,0.00743,9.996522418503318,0.0,5.9535468807242875,8.36264243156764,5.955837369464831,8.36264243156764,5.975883260560414,8.36264243156764,5.845373407024532,8.193400231952097,23614.714285714286,24985.25,25916.61038961039,26013.025974025975,0.0,306.15378,20000.0
8400206,2026-07-31,41949.0,20000.0,21949.0,77.0,0.00743,9.996522418503318,0.0,5.9535468807242875,8.36264243156764,5.955837369464831,8.36264243156764,5.975883260560414,8.36264243156764,5.845373407024532,8.193400231952097,23281.571428571428,24809.85714285714,25861.66233766234,25982.006493506495,0.0,306.15378,20000.0
8400206,2026-08-01,41949.0,20000.0,21949.0,77.0,0.00743,9.996522418503318,0.0,5.9535468807242875,8.36264243156764,5.918999267228497,8.36264243156764,5.975883260560414,8.36264243156764,5.845373407024532,8.193400231952097,22948.428571428572,24634.464285714286,25806.714285714286,25950.987012987014,0.0,306.15378,20000.0
8400206,2026-08-02,41949.0,20000.0,21949.0,77.0,0.00743,9.996522418503318,0.0,5.9535468807242875,8.36264243156764,5.918999267228497,8.36264243156764,5.975883260560414,8.36264243156764,5.749560588355641,8.193400231952097,22615.285714285714,24459.071428571428,25751.766233766233,25919.967532467534,0.0,306.15378,20000.0
8400206,2026-08-03,41949.0,20000.0,21949.0,77.0,0.00743,9.996522418503318,0.0,5.9535468807242875,8.36264243156764,5.918999267228497,8.36264243156764,5.975883260560414,8.36264243156764,5.749560588355641,8.193400231952097,22282.14285714286,24283.678571428572,25696.81818181818,25888.948051948053,0.0,306.15378,20000.0
8400206,2026-08-04,50392.0,20000.0,30392.0,77.0,0.00743,10.321967597721788,0.0,5.9535468807242875,8.36264243156764,5.918999267228497,8.36264243156764,5.975883260560414,8.36264243156764,5.749560588355641,8.193400231952097,21949.0,24108.285714285714,25641.87012987013,25857.928571428572,0.0,290.58032,20000.0
8400206,2026-08-05,50392.0,20000.0,30392.0,77.0,0.00743,10.321967597721788,0.0,5.809973813915666,8.36264243156764,5.918999267228497,8.36264243156764,5.975883260560414,8.36264243156764,5.749560588355641,8.193400231952097,23155.14285714286,24387.39285714286,25748.077922077922,25910.844155844155,0.0,290.58032,20000.0
8400206,2026-08-06,50392.0,20000.0,30392.0,77.0,0.00743,10.321967597721788,0.0,5.809973813915666,8.36264243156764,5.832802070428383,8.36264243156764,5.975883260560414,8.36264243156764,5.749560588355641,8.193400231952097,24361.285714285714,24674.214285714286,25854.285714285714,25963.75974025974,0.0,290.58032,20000.0
8400206,2026-08-07,50392.0,20000.0,30392.0,77.0,0.00743,10.321967597721788,0.0,5.809973813915666,8.36264243156764,5.682512104084987,8.36264243156764,5.675761962324026,8.36264243156764,5.749560588355641,8.193400231952097,25567.428571428572,24961.035714285714,25960.493506493505,26016.675324675325,0.0,290.58032,20000.0
8400206,2026-08-08,50392.0,20000.0,30392.0,77.0,0.00743,10.321967597721788,0.0,5.809973813915666,8.36264243156764,5.682512104084987,8.36264243156764,5.675761962324026,8.36264243156764,5.749560588355641,8.193400231952097,26773.571428571428,25247.85714285714,26066.7012987013,26069.590909090908,0.0,290.58032,20000.0
8400206,2026-08-09,50392.0,20000.0,30392.0,77.0,0.00743,10.321967597721788,0.0,5.809973813915666,8.36264243156764,5.682512104084987,8.36264243156764,5.675761962324026,8.36264243156764,5.749560588355641,8.193400231952097,27979.714285714286,25534.678571428572,26172.909090909092,26122.506493506495,0.0,290.58032,20000.0
8400206,2026-08-10,50392.0,20000.0,30392.0,77.0,0.00743,10.321967597721788,0.0,5.809973813915666,8.36264243156764,5.682512104084987,8.36264243156764,5.675761962324026,8.36264243156764,4.818157069373629,7.75491027202143,29185.85714285714,25821.5,26279.116883116883,26175.422077922078,0.0,204.00923,20000.0
8400206,2026-08-11,50310.0,20000.0,30310.0,77.0,0.00743,10.319265961919356,0.0,5.802824368503343,8.36264243156764,5.682512104084987,8.36264243156764,5.675761962324026,8.36264243156764,4.818157069373629,7.75491027202143,30392.0,26129.75,26387.7012987013,26230.935064935064,0.0,204.00923,20000.0
8400206,2026-08-12,50310.0,20000.0,30310.0,77.0,0.00743,10.319265961919356,0.0,5.806034267133535,8.36264243156764,5.687971868629559,8.36264243156764,5.6831321197194065,8.36264243156764,4.852441363617082,7.75491027202143,30380.285714285714,26215.928571428572,26418.974025974025,26250.714285714286,0.0,204.00923,20000.0
8400206,2026-08-13,50310.0,20000.0,30310.0,77.0,0.00743,10.319265961919356,0.0,5.806034267133535,8.36264243156764,5.687971868629559,8.36264243156764,5.6831321197194065,8.36264243156764,4.852441363617082,7.75491027202143,30368.571428571428,26302.10714285714,26450.246753246753,26272.44155844156,0.0,204.00923,20000.0
8400206,2026-08-14,50310.0,20000.0,30310.0,77.0,0.00743,10.319265961919356,0.0,5.806034267133535,8.36264243156764,5.687971868629559,8.36264243156764,5.6831321197194065,8.36264243156764,4.852441363617082,7.75491027202143,30356.85714285714,26388.285714285714,26481.51948051948,26294.16883116883,0.0,204.00923,20000.0
8400206,2026-08-15,50310.0,20000.0,30310.0,77.0,0.00743,10.319265961919356,0.0,5.806034267133535,8.36264243156764,5.687971868629559,8.36264243156764,5.199368997605045,8.193400231952097,4.852441363617082,7.75491027202143,30345.14285714286,26474.464285714286,26512.79220779221,26317.2987012987,0.0,267.25095,20000.0
8400206,2026-08-16,50310.0,20000.0,30310.0,77.0,0.00743,10.319265961919356,0.0,5.806034267133535,8.36264243156764,5.687971868629559,8.36264243156764,5.167489084144299,8.193400231952097,4.852441363617082,7.75491027202143,30333.428571428572,26560.64285714286,26544.064935064936,26340.428571428572,0.0,267.25095,20000.0
8400206,2026-08-17,50154.0,20000.0,30154.0,77.0,0.00743,10.314106025885087,0.0,5.806034267133535,8.36264243156764,5.687971868629559,8.36264243156764,5.167489084144299,8.193400231952097,1.670681537674819,4.418840607796598,30321.714285714286,26646.821428571428,26575.33766233766,26363.55844155844,0.0,127.37311,20000.0
8400206,2026-08-18,49574.0,20000.0,29574.0,77.0,0.00743,10.294684688846587,0.0,5.811063223407894,8.36264243156764,5.698277152060846,8.36264243156764,5.190614929445129,8.193400231952097,2.6046371057287794,5.056245805348308,30287.714285714286,26727.428571428572,26604.935064935064,26385.675324675325,0.0,129.59254,20000.0
8400206,2026-08-19,49574.0,20000.0,29574.0,77.0,0.00743,10.294684688846587,0.0,5.675374092678517,8.36264243156764,5.735686389682214,8.36264243156764,5.272189513967002,8.193400231952097,3.7853850913230347,6.364750756851911,30182.571428571428,26916.464285714286,26676.909090909092,26431.655844155845,0.0,136.50316,20000.0
8400206,2026-08-20,49574.0,20000.0,29574.0,77.0,0.00743,10.294684688846587,0.0,5.675374092678517,8.36264243156764,5.4538116811088475,8.36264243156764,5.272189513967002,8.193400231952097,3.7853850913230347,6.364750756851911,30077.428571428572,27105.5,26748.883116883117,26477.636363636364,0.0,136.50316,20000.0
8400206,2026-08-21,49574.0,20000.0,29574.0,77.0,0.00743,10.294684688846587,0.0,5.675374092678517,8.36264243156764,5.4538116811088475,8.36264243156764,5.187679793789367,8.193400231952097,3.7853850913230347,6.364750756851911,29972.285714285714,27294.535714285714,26820.85714285714,26523.83766233766,0.0,136.50316,20000.0
8400206,2026-08-22,49574.0,20000.0,29574.0,77.0,0.00743,10.294684688846587,0.0,5.675374092678517,8.36264243156764,5.4538116811088475,8.36264243156764,5.187679793789367,8.193400231952097,3.7853850913230347,6.364750756851911,29867.14285714286,27483.571428571428,26892.83116883117,26570.2987012987,0.0,136.50316,20000.0
8400206,2026-08-23,49574.0,20000.0,29574.0,77.0,0.00743,10.294684688846587,0.0,5.675374092678517,8.36264243156764,5.4538116811088475,8.36264243156764,5.187679793789367,8.193400231952097,3.7853850913230347,6.364750756851911,29762.0,27672.60714285714,26964.805194805194,26616.75974025974,0.0,136.50316,20000.0
8400206,2026-08-24,49574.0,20000.0,29574.0,77.0,0.00743,10.294684688846587,0.0,5.675374092678517,8.36264243156764,5.4538116811088475,8.36264243156764,5.187679793789367,8.193400231952097,3.7853850913230347,6.364750756851911,29656.85714285714,27861.64285714286,27036.77922077922,26663.22077922078,0.0,136.50316,20000.0
8400206,2026-08-25,49492.0,20000.0,29492.0,77.0,0.00743,10.291908226035034,0.0,5.585837088159296,8.36264243156764,5.4538116811088475,8.36264243156764,5.187679793789367,8.193400231952097,3.7853850913230347,6.364750756851911,29574.0,28050.678571428572,27133.727272727272,26712.012987012986,0.0,136.50316,20000.0
8400206,2026-08-26,49492.0,20000.0,29492.0,77.0,0.00743,10.291908226035034,0.0,5.589823287594431,8.36264243156764,5.460669615488713,8.36264243156764,5.199659484172083,8.193400231952097,3.8788471431892466,6.364750756851911,29562.285714285714,28320.071428571428,27130.61038961039,26721.35714285714,0.0,136.50316,20000.0
8400206,2026-08-27,49492.0,20000.0,29492.0,77.0,0.00743,10.291908226035034,0.0,5.5546695888589,8.36264243156764,5.460669615488713,8.36264243156764,5.199659484172083,8.193400231952097,3.8788471431892466,6.364750756851911,29550.571428571428,28589.464285714286,27136.74025974026,26730.7012987013,0.0,136.50316,20000.0
8400206,2026-08-28,49492.0,20000.0,29492.0,77.0,0.00743,10.291908226035034,0.0,5.5546695888589,8.36264243156764,5.019096132072936,8.193400231952097,5.199659484172083,8.193400231952097,3.8788471431892466,6.364750756851911,29538.85714285714,28858.85714285714,27142.87012987013,26740.045454545456,0.0,134.24216,20000.0
8400206,2026-08-29,49492.0,20000.0,29492.0,77.0,0.00743,10.291908226035034,0.0,5.5546695888589,8.36264243156764,4.990699324577063,8.193400231952097,4.454959104164914,7.75491027202143,3.8788471431892466,6.364750756851911,29527.14285714286,29128.25,27149.0,26749.746753246753,0.0,118.908195,20000.0
8400206,2026-08-30,49492.0,20000.0,29492.0,77.0,0.00743,10.291908226035034,0.0,5.5546695888589,8.36264243156764,4.990699324577063,8.193400231952097,4.454959104164914,7.75491027202143,3.8788471431892466,6.364750756851911,29515.428571428572,29397.64285714286,27155.12987012987,26759.448051948053,0.0,118.908195,20000.0
8400206,2026-08-31,49146.0,20000.0,29146.0,77.0,0.00743,10.280107270530456,0.0,5.5546695888589,8.36264243156764,4.990699324577063,8.193400231952097,4.454959104164914,7.75491027202143,3.7853850913230347,6.364750756851911,29503.714285714286,29667.035714285714,27161.25974025974,26769.14935064935,0.0,118.908195,20000.0
8400206,2026-09-01,49038.0,20000.0,29038.0,77.0,0.00743,10.276395033084118,0.0,5.491349755305619,8.36264243156764,5.035806032442808,8.193400231952097,4.555537561785681,7.75491027202143,4.131369884811947,6.364750756851911,29442.571428571428,29924.071428571428,27183.246753246753,26776.603896103898,0.0,134.24216,20000.0
8400206,2026-09-02,49038.0,20000.0,29038.0,77.0,0.00743,10.276395033084118,0.0,5.358666931441236,8.36264243156764,5.049478862232809,8.193400231952097,4.584967478670572,7.75491027202143,4.218733411680202,6.364750756851911,29377.714285714286,29875.714285714286,27235.376623376622,26809.16883116883,0.0,160.32246,20000.0
8400206,2026-09-03,49038.0,20000.0,29038.0,77.0,0.00743,10.276395033084118,0.0,5.358666931441236,8.36264243156764,4.971038039471897,8.193400231952097,4.584967478670572,7.75491027202143,4.218733411680202,6.364750756851911,29312.85714285714,29827.35714285714,27287.506493506495,26841.733766233767,0.0,142.72762,20000.0
8400206,2026-09-04,49038.0,20000.0,29038.0,77.0,0.00743,10.276395033084118,0.0,5.358666931441236,8.36264243156764,4.971038039471897,8.193400231952097,4.584967478670572,7.75491027202143,4.218733411680202,6.364750756851911,29248.0,29779.0,27339.636363636364,26874.2987012987,0.0,142.72762,20000.0
8400206,2026-09-05,49038.0,20000.0,29038.0,77.0,0.00743,10.276395033084118,0.0,5.358666931441236,8.36264243156764,4.971038039471897,8.193400231952097,3.600910681167979,6.364750756851911,4.218733411680202,6.364750756851911,29183.14285714286,29730.64285714286,27391.766233766233,26907.87012987013,0.0,102.659935,20000.0
8400206,2026-09-06,49038.0,20000.0,29038.0,77.0,0.00743,10.276395033084118,0.0,5.358666931441236,8.36264243156764,4.971038039471897,8.193400231952097,3.600910681167979,6.364750756851911,4.089948950749062,6.364750756851911,29118.285714285714,29682.285714285714,27443.896103896102,26941.44155844156,0.0,102.659935,20000.0
8400206,2026-09-07,49016.0,20000.0,29016.0,77.0,0.00743,10.275637144113018,0.0,5.358666931441236,8.36264243156764,4.971038039471897,8.193400231952097,3.600910681167979,6.364750756851911,3.374529134579994,5.849324779946859,29053.428571428572,29633.928571428572,27496.025974025975,26975.012987012986,0.0,97.23499,20000.0
8400206,2026-09-08,48956.0,20000.0,28956.0,77.0,0.00743,10.273567249973496,0.0,5.360010935553377,8.36264243156764,4.974025548483695,8.193400231952097,3.6165916867301324,6.364750756851911,3.413403287341659,5.849324779946859,29034.85714285714,29584.785714285714,27473.636363636364,27019.532467532466,0.0,97.23499,20000.0
8400206,2026-09-09,48956.0,20000.0,28956.0,77.0,0.00743,10.273567249973496,0.0,5.363667246756487,8.36264243156764,4.982128226169929,8.193400231952097,3.658148913022896,6.364750756851911,3.512330676405723,5.849324779946859,29023.14285714286,29536.428571428572,27450.467532467534,27013.655844155845,0.0,97.23499,20000.0
8400206,2026-09-10,48956.0,20000.0,28956.0,77.0,0.00743,10.273567249973496,0.0,5.363667246756487,8.36264243156764,4.982128226169929,8.193400231952097,3.658148913022896,6.364750756851911,3.512330676405723,5.849324779946859,29011.428571428572,29488.071428571428,27427.2987012987,27010.376623376622,0.0,97.23499,20000.0
8400206,2026-09-11,48708.0,20000.0,28708.0,77.0,0.00743,10.26496594143918,0.0,5.363667246756487,8.36264243156764,4.315918254501191,7.75491027202143,3.658148913022896,6.364750756851911,3.512330676405723,5.849324779946859,28999.714285714286,29439.714285714286,27404.12987012987,27007.097402597403,0.0,97.23499,20000.0
8400206,2026-09-12,48708.0,20000.0,28708.0,77.0,0.00743,10.26496594143918,0.0,5.37863975538687,8.36264243156764,4.378835273182899,7.75491027202143,3.8136555252612903,6.364750756851911,3.841148665841489,5.849324779946859,28952.571428571428,29382.5,27377.74025974026,27012.85064935065,0.0,97.23499,20000.0
8400206,2026-09-13,48708.0,20000.0,28708.0,77.0,0.00743,10.26496594143918,0.0,5.37863975538687,8.36264243156764,4.378835273182899,7.75491027202143,3.8136555252612903,6.364750756851911,3.841148665841489,5.849324779946859,28905.428571428572,29325.285714285714,27351.35064935065,27018.603896103898,0.0,97.23499,20000.0
8400206,2026-09-14,48356.0,20000.0,28356.0,77.0,0.00743,10.252629192258004,0.0,5.37863975538687,8.36264243156764,4.378835273182899,7.75491027202143,3.8136555252612903,6.364750756851911,3.7439157347803214,5.849324779946859,28858.285714285714,29268.071428571428,27324.96103896104,27024.35714285714,0.0,97.23499,20000.0
8400206,2026-09-15,48356.0,20000.0,28356.0,77.0,0.00743,10.252629192258004,0.0,5.1411317830256245,8.36264243156764,4.461843072406414,7.75491027202143,3.999648229063087,6.364750756851911,4.1074166437894535,5.8664680569332965,28764.0,29203.85714285714,27344.38961038961,27027.824675324675,0.0,35.67977,20000.0
8400206,2026-09-16,48356.0,20000.0,28356.0,77.0,0.00743,10.252629192258004,0.0,5.1411317830256245,8.36264243156764,4.461843072406414,7.75491027202143,3.999648229063087,6.364750756851911,4.1074166437894535,5.8664680569332965,28678.285714285714,29160.35714285714,27363.81818181818,27047.33116883117,0.0,35.67977,20000.0
8400206,2026-09-17,48356.0,20000.0,28356.0,77.0,0.00743,10.252629192258004,0.0,5.1411317830256245,8.36264243156764,4.461843072406414,7.75491027202143,3.999648229063087,6.364750756851911,4.1074166437894535,5.8664680569332965,28592.571428571428,29116.85714285714,27383.246753246753,27066.83766233766,0.0,35.67977,20000.0
8400206,2026-09-18,48356.0,20000.0,28356.0,77.0,0.00743,10.252629192258004,0.0,5.1411317830256245,8.36264243156764,3.711657274352875,6.364750756851911,3.999648229063087,6.364750756851911,4.1074166437894535,5.8664680569332965,28506.85714285714,29073.35714285714,27402.675324675325,27086.344155844155,0.0,0.0,20000.0
8400206,2026-09-19,48356.0,20000.0,28356.0,77.0,0.00743,10.252629192258004,0.0,5.1411317830256245,8.36264243156764,3.711657274352875,6.364750756851911,3.959308278418158,6.364750756851911,4.1074166437894535,5.8664680569332965,28456.571428571428,29029.85714285714,27422.103896103898,27117.116883116883,0.0,0.0,20000.0
8400206,2026-09-20,48356.0,20000.0,28356.0,77.0,0.00743,10.252629192258004,0.0,5.1411317830256245,8.36264243156764,3.711657274352875,6.364750756851911,3.959308278418158,6.364750756851911,3.7513599378920515,5.8664680569332965,28406.285714285714,28986.35714285714,27441.532467532466,27147.88961038961,0.0,0.0,20000.0
8400206,2026-09-21,48266.0,20000.0,28266.0,77.0,0.00743,10.249450325495184,0.0,5.1411317830256245,8.36264243156764,3.711657274352875,6.364750756851911,3.959308278418158,6.364750756851911,3.6080689078681494,5.8664680569332965,28356.0,28942.85714285714,27460.96103896104,27178.66233766234,0.0,0.0,20000.0
8400206,2026-09-22,48266.0,20000.0,28266.0,77.0,0.00743,10.249450325495184,0.0,5.147947409560684,8.36264243156764,3.7538774285102217,6.364750756851911,4.003498089448528,6.364750756851911,3.728858988601213,5.8664680569332965,28343.14285714286,28896.14285714286,27479.22077922078,27158.844155844155,0.0,0.0,20000.0
8400206,2026-09-23,48266.0,20000.0,28266.0,77.0,0.00743,10.249450325495184,0.0,4.757501029098363,8.193400231952097,3.7538774285102217,6.364750756851911,4.003498089448528,6.364750756851911,3.728858988601213,5.8664680569332965,28330.285714285714,28852.35714285714,27553.103896103898,27148.766233766233,0.0,0.0,20000.0
8400206,2026-09-24,48266.0,20000.0,28266.0,77.0,0.00743,10.249450325495184,0.0,4.733117836682148,8.193400231952097,3.7538774285102217,6.364750756851911,4.003498089448528,6.364750756851911,3.728858988601213,5.8664680569332965,28317.428571428572,28808.571428571428,27629.79220779221,27138.68831168831,0.0,0.0,20000.0
8400206,2026-09-25,48196.0,20000.0,28196.0,77.0,0.00743,10.246970868288411,0.0,4.733117836682148,8.193400231952097,3.7538774285102217,6.364750756851911,3.925614432631685,6.364750756851911,3.728858988601213,5.8664680569332965,28304.571428571428,28764.785714285714,27706.48051948052,27128.61038961039,0.0,0.0,20000.0
8400206,2026-09-26,48196.0,20000.0,28196.0,77.0,0.00743,10.246970868288411,0.0,4.741085099405083,8.193400231952097,3.7855256394610035,6.364750756851911,3.6180051145272794,5.8664680569332965,3.8136555252612903,5.8664680569332965,28281.714285714286,28718.5,27782.25974025974,27144.987012987014,0.0,0.0,20000.0
8400206,2026-09-27,48196.0,20000.0,28196.0,77.0,0.00743,10.246970868288411,0.0,4.741085099405083,8.193400231952097,3.7855256394610035,6.364750756851911,3.6180051145272794,5.8664680569332965,3.7877717273007656,5.8664680569332965,28258.85714285714,28672.214285714286,27858.03896103896,27161.363636363636,0.0,0.0,20000.0
8400206,2026-09-28,48196.0,20000.0,28196.0,77.0,0.00743,10.246970868288411,0.0,4.741085099405083,8.193400231952097,3.7855256394610035,6.364750756851911,3.6180051145272794,5.8664680569332965,3.713572066704308,5.8664680569332965,28236.0,28625.928571428572,27933.81818181818,27177.74025974026,0.0,0.0,20000.0
8400206,2026-09-29,48028.0,20000.0,28028.0,77.0,0.00743,10.240994967461065,0.0,4.6706417132984495,8.193400231952097,3.7855256394610035,6.364750756851911,3.6180051145272794,5.8664680569332965,3.713572066704308,5.8664680569332965,28226.0,28592.0,28017.38961038961,27194.116883116883,0.0,0.0,20000.0
8400206,2026-09-30,48028.0,20000.0,28028.0,77.0,0.00743,10.240994967461065,0.0,4.690871180992611,8.193400231952097,3.8576289333623475,6.364750756851911,3.7301224126479853,5.8664680569332965,3.908860114019638,5.8664680569332965,28192.0,28555.928571428572,28019.090909090908,27209.402597402597,0.0,0.0,20000.0
8400206,2026-10-01,48028.0,20000.0,28028.0,77.0,0.00743,10.240994967461065,0.0,4.690871180992611,8.193400231952097,3.8576289333623475,6.364750756851911,3.7301224126479853,5.8664680569332965,3.60521176306737,5.8664680569332965,28158.0,28519.85714285714,28020.79220779221,27224.68831168831,0.0,0.0,20000.0
8400206,2026-10-02,48028.0,20000.0,28028.0,77.0,0.00743,10.240994967461065,0.0,4.690871180992611,8.193400231952097,3.8230846392971043,6.364750756851911,3.7301224126479853,5.8664680569332965,3.60521176306737,5.8664680569332965,28124.0,28483.785714285714,28022.493506493505,27239.974025974025,0.0,0.0,20000.0
8400206,2026-10-03,48028.0,20000.0,28028.0,77.0,0.00743,10.240994967461065,0.0,4.690871180992611,8.193400231952097,3.8230846392971043,6.364750756851911,3.676966672597694,5.8664680569332965,3.60521176306737,5.8664680569332965,28100.0,28447.714285714286,28024.194805194806,27255.25974025974,0.0,0.0,20000.0
8400206,2026-10-04,48028.0,20000.0,28028.0,77.0,0.00743,10.240994967461065,0.0,4.690871180992611,8.193400231952097,3.8230846392971043,6.364750756851911,3.676966672597694,5.8664680569332965,2.9048858007804186,5.1298987149230735,28076.0,28411.64285714286,28025.896103896102,27270.545454545456,0.0,0.0,20000.0
8400206,2026-10-05,47998.0,20000.0,27998.0,77.0,0.00743,10.239924074233857,0.0,4.690871180992611,8.193400231952097,3.8230846392971043,6.364750756851911,3.676966672597694,5.8664680569332965,2.9048858007804186,5.1298987149230735,28052.0,28375.571428571428,28027.597402597403,27285.83116883117,0.0,0.0,20000.0
8400206,2026-10-06,47938.0,20000.0,27938.0,77.0,0.00743,10.237778841189767,0.0,4.69444091348398,8.193400231952097,3.835861644462582,6.364750756851911,3.696743190574151,5.8664680569332965,2.98780620828157,5.1298987149230735,28023.714285714286,28339.214285714286,28028.909090909092,27326.077922077922,0.0,0.0,20000.0
8400206,2026-10-07,47938.0,20000.0,27938.0,77.0,0.00743,10.237778841189767,0.0,4.145605388550102,7.75491027202143,3.8609360880922,6.364750756851911,3.7351602066779424,5.8664680569332965,3.1354942159291497,5.1298987149230735,28010.85714285714,28302.85714285714,28076.402597402597,27302.948051948053,0.0,5.8390055,20000.0
8400206,2026-10-08,47938.0,20000.0,27938.0,77.0,0.00743,10.237778841189767,0.0,4.145605388550102,7.75491027202143,3.7943870177832033,6.364750756851911,3.7351602066779424,5.8664680569332965,3.1354942159291497,5.1298987149230735,27998.0,28266.5,28123.896103896102,27285.012987012986,0.0,5.8390055,20000.0
8400206,2026-10-09,47938.0,20000.0,27938.0,77.0,0.00743,10.237778841189767,0.0,4.145605388550102,7.75491027202143,3.4988814498216425,5.8664680569332965,3.490107539621013,5.8664680569332965,3.1354942159291497,5.1298987149230735,27985.14285714286,28230.14285714286,28171.38961038961,27267.077922077922,0.0,5.721753,20000.0
8400206,2026-10-10,47938.0,20000.0,27938.0,77.0,0.00743,10.237778841189767,0.0,4.145605388550102,7.75491027202143,3.4988814498216425,5.8664680569332965,3.3994414549598906,5.8664680569332965,3.1354942159291497,5.1298987149230735,27972.285714285714,28202.64285714286,28218.883116883117,27249.14285714286,0.0,5.721753,20000.0
8400206,2026-10-11,47938.0,20000.0,27938.0,77.0,0.00743,10.237778841189767,0.0,4.145605388550102,7.75491027202143,3.4988814498216425,5.8664680569332965,3.3994414549598906,5.8664680569332965,2.9048858007804186,5.1298987149230735,27959.428571428572,28175.14285714286,28266.376623376622,27231.20779220779,0.0,6.1646605,20000.0
8400206,2026-10-12,47846.0,20000.0,27846.0,77.0,0.00743,10.234480519625036,0.0,4.145605388550102,7.75491027202143,3.4988814498216425,5.8664680569332965,3.3994414549598906,5.8664680569332965,2.9048858007804186,5.1298987149230735,27946.571428571428,28147.64285714286,28313.87012987013,27213.272727272728,0.0,6.1646605,20000.0
8400206,2026-10-13,47746.0,20000.0,27746.0,77.0,0.00743,10.23088300522237,0.0,4.164347024910405,7.75491027202143,3.551981054941509,5.8664680569332965,3.4771832886400773,5.8664680569332965,3.140060433908731,5.1298987149230735,27924.85714285714,28129.428571428572,28360.16883116883,27194.74025974026,0.0,5.721753,20000.0
8400206,2026-10-14,47746.0,20000.0,27746.0,77.0,0.00743,10.23088300522237,0.0,3.5656840708200757,6.364750756851911,3.6066693666891396,5.8664680569332965,3.5553480614894135,5.8664680569332965,3.345276591742557,5.1298987149230735,27897.428571428572,28107.64285714286,28435.454545454544,27203.506493506495,0.0,0.0,20000.0
8400206,2026-10-15,47746.0,20000.0,27746.0,77.0,0.00743,10.23088300522237,0.0,3.5656840708200757,6.364750756851911,3.6066693666891396,5.8664680569332965,3.5553480614894135,5.8664680569332965,3.206163789279839,5.1298987149230735,27870.0,28085.85714285714,28510.74025974026,27213.675324675325,0.0,0.0,20000.0
8400206,2026-10-16,47716.0,20000.0,27716.0,77.0,0.00743,10.229801222338855,0.0,3.5656840708200757,6.364750756851911,3.562048254059233,5.8664680569332965,3.538668372290758,5.8664680569332965,3.206163789279839,5.1298987149230735,27842.571428571428,28064.071428571428,28586.025974025975,27223.844155844155,0.0,0.0,20000.0
8400206,2026-10-17,47716.0,20000.0,27716.0,77.0,0.00743,10.229801222338855,0.0,3.5766410832889237,6.364750756851911,3.578604923653681,5.8664680569332965,3.5154654752110943,5.8664680569332965,3.268167116585078,5.1298987149230735,27810.85714285714,28041.214285714286,28660.922077922078,27233.81818181818,0.0,0.0,20000.0
8400206,2026-10-18,47716.0,20000.0,27716.0,77.0,0.00743,10.229801222338855,0.0,3.5766410832889237,6.364750756851911,3.578604923653681,5.8664680569332965,3.5154654752110943,5.8664680569332965,3.268167116585078,5.1298987149230735,27779.14285714286,28018.35714285714,28735.81818181818,27243.79220779221,0.0,0.0,20000.0
8400206,2026-10-19,47656.0,20000.0,27656.0,77.0,0.00743,10.227634139466703,0.0,3.5766410832889237,6.364750756851911,3.578604923653681,5.8664680569332965,3.5154654752110943,5.8664680569332965,2.8576793962106226,4.61512051684126,27747.428571428572,27995.5,28810.714285714286,27253.766233766233,0.0,0.0,20000.0
8400206,2026-10-20,47656.0,20000.0,27656.0,77.0,0.00743,10.227634139466703,0.0,3.5982013866361733,6.364750756851911,3.6109179126442243,5.8664680569332965,3.3563468154968037,5.8664680569332965,3.024268580818925,4.61512051684126,27720.285714285714,27973.714285714286,28884.83116883117,27263.35064935065,0.0,0.0,20000.0
8400206,2026-10-21,47656.0,20000.0,27656.0,77.0,0.00743,10.227634139466703,0.0,3.5982013866361733,6.364750756851911,3.6109179126442243,5.8664680569332965,3.3563468154968037,5.8664680569332965,3.024268580818925,4.61512051684126,27707.428571428572,27951.928571428572,28849.2987012987,27298.68831168831,0.0,0.0,20000.0
8400206,2026-10-22,47656.0,20000.0,27656.0,77.0,0.00743,10.227634139466703,0.0,3.5982013866361733,6.364750756851911,3.40836120259579,5.8664680569332965,3.3563468154968037,5.8664680569332965,3.024268580818925,4.61512051684126,27694.571428571428,27930.14285714286,28813.766233766233,27334.025974025975,0.0,0.0,20000.0
8400206,2026-10-23,47626.0,20000.0,27626.0,77.0,0.00743,10.226548834389476,0.0,3.5982013866361733,6.364750756851911,3.3356997951038463,5.8664680569332965,2.966357664874087,5.1298987149230735,3.024268580818925,4.61512051684126,27681.714285714286,27908.35714285714,28778.233766233767,27369.363636363636,0.0,0.0,20000.0
8400206,2026-10-24,47626.0,20000.0,27626.0,77.0,0.00743,10.226548834389476,0.0,3.608809689797316,6.364750756851911,3.3564187682957987,5.8664680569332965,3.006203573421286,5.1298987149230735,3.098193854515941,4.61512051684126,27668.85714285714,27888.0,28742.31168831169,27404.506493506495,0.0,0.0,20000.0
8400206,2026-10-25,47626.0,20000.0,27626.0,77.0,0.00743,10.226548834389476,0.0,3.608809689797316,6.364750756851911,3.3564187682957987,5.8664680569332965,3.006203573421286,5.1298987149230735,3.024268580818925,4.61512051684126,27656.0,27867.64285714286,28706.38961038961,27439.64935064935,0.0,0.0,20000.0
8400206,2026-10-26,47566.0,20000.0,27566.0,77.0,0.00743,10.224374684168994,0.0,3.608809689797316,6.364750756851911,3.3564187682957987,5.8664680569332965,3.006203573421286,5.1298987149230735,2.8576793962106226,4.61512051684126,27643.14285714286,27847.285714285714,28670.467532467534,27474.79220779221,0.0,0.0,20000.0
8400206,2026-10-27,47566.0,20000.0,27566.0,77.0,0.00743,10.224374684168994,0.0,3.629694542170946,6.364750756851911,3.396611720170836,5.8664680569332965,3.081426994658874,5.1298987149230735,3.024268580818925,4.61512051684126,27630.285714285714,27824.785714285714,28633.766233766233,27510.733766233767,0.0,0.0,20000.0
8400206,2026-10-28,47566.0,20000.0,27566.0,77.0,0.00743,10.224374684168994,0.0,3.6010412891483123,6.364750756851911,3.396611720170836,5.8664680569332965,3.081426994658874,5.1298987149230735,3.024268580818925,4.61512051684126,27617.428571428572,27808.285714285714,28598.12987012987,27508.551948051947,0.0,0.0,20000.0
8400206,2026-10-29,47536.0,20000.0,27536.0,77.0,0.00743,10.2232858338872,0.0,3.6010412891483123,6.364750756851911,3.382061198909136,5.8664680569332965,3.081426994658874,5.1298987149230735,3.024268580818925,4.61512051684126,27604.571428571428,27791.785714285714,28562.493506493505,27506.37012987013,0.0,0.0,20000.0
8400206,2026-10-30,47536.0,20000.0,27536.0,77.0,0.00743,10.2232858338872,0.0,3.611619667058988,6.364750756851911,3.361872087877112,5.8664680569332965,3.006203573421286,5.1298987149230735,3.098193854515941,4.61512051684126,27587.428571428572,27774.214285714286,28526.467532467534,27503.993506493505,0.0,0.0,20000.0
8400206,2026-10-31,47536.0,20000.0,27536.0,77.0,0.00743,10.2232858338872,0.0,3.611619667058988,6.364750756851911,3.361872087877112,5.8664680569332965,3.006203573421286,5.1298987149230735,3.098193854515941,4.61512051684126,27574.571428571428,27756.64285714286,28490.44155844156,27501.616883116883,0.0,0.0,20000.0
8400206,2026-11-01,47536.0,20000.0,27536.0,77.0,0.00743,10.2232858338872,0.0,3.611619667058988,6.364750756851911,3.361872087877112,5.8664680569332965,3.006203573421286,5.1298987149230735,2.851618771598931,4.61512051684126,27561.714285714286,27739.071428571428,28454.415584415583,27499.24025974026,0.0,0.0,20000.0
8400206,2026-11-02,47476.0,20000.0,27476.0,77.0,0.00743,10.221104570071097,0.0,3.611619667058988,6.364750756851911,3.1772365029628467,5.8664680569332965,3.006203573421286,5.1298987149230735,2.4892830243877992,4.110873864173311,27548.85714285714,27721.5,28418.38961038961,27496.863636363636,0.0,0.0,20000.0
8400206,2026-11-03,47476.0,20000.0,27476.0,77.0,0.00743,10.221104570071097,0.0,3.577367299733331,6.364750756851911,3.2251307318913107,5.8664680569332965,2.9930972259159856,5.1298987149230735,2.7219877089459916,4.110873864173311,27536.0,27702.85714285714,28383.61038961039,27494.272727272728,0.0,0.0,20000.0
8400206,2026-11-04,47476.0,20000.0,27476.0,77.0,0.00743,10.221104570071097,0.0,3.3409785216691006,5.8664680569332965,3.2251307318913107,5.8664680569332965,2.9930972259159856,5.1298987149230735,2.7219877089459916,4.110873864173311,27523.14285714286,27686.35714285714,28356.363636363636,27516.636363636364,0.0,0.0,20000.0
8400206,2026-11-05,47446.0,20000.0,27446.0,77.0,0.00743,10.220012151347644,0.0,3.3409785216691006,5.8664680569332965,2.9044336445527414,5.1298987149230735,2.9930972259159856,5.1298987149230735,2.612389082533097,4.110873864173311,27510.285714285714,27669.85714285714,28329.116883116883,27539.0,0.0,0.0,20000.0
8400206,2026-11-06,47446.0,20000.0,27446.0,77.0,0.00743,10.220012151347644,0.0,3.3546773660272624,5.8664680569332965,2.936148776245967,5.1298987149230735,3.031911930131493,5.1298987149230735,2.7219877089459916,4.110873864173311,27497.428571428572,27652.285714285714,28301.48051948052,27561.16883116883,0.0,0.0,20000.0
8400206,2026-11-07,47446.0,20000.0,27446.0,77.0,0.00743,10.220012151347644,0.0,3.3546773660272624,5.8664680569332965,2.936148776245967,5.1298987149230735,2.7921333183127515,4.61512051684126,2.7219877089459916,4.110873864173311,27484.571428571428,27634.714285714286,28273.844155844155,27583.33766233766,0.0,0.24623466,20000.0
8400206,2026-11-08,47446.0,20000.0,27446.0,77.0,0.00743,10.220012151347644,0.0,3.3546773660272624,5.8664680569332965,2.936148776245967,5.1298987149230735,2.7921333183127515,4.61512051684126,2.4892830243877992,4.110873864173311,27471.714285714286,27617.14285714286,28246.20779220779,27605.506493506495,0.0,0.24623466,20000.0
8400206,2026-11-09,47386.0,20000.0,27386.0,77.0,0.00743,10.21782372723319,0.0,3.3546773660272624,5.8664680569332965,2.936148776245967,5.1298987149230735,2.7921333183127515,4.61512051684126,2.4892830243877992,4.110873864173311,27458.85714285714,27599.571428571428,28218.571428571428,27627.675324675325,0.0,0.24623466,20000.0
8400206,2026-11-10,47386.0,20000.0,27386.0,77.0,0.00743,10.21782372723319,0.0,3.3815246160634507,5.8664680569332965,2.9967121854403396,5.1298987149230735,2.8845066384437668,4.61512051684126,2.7219877089459916,4.110873864173311,27446.0,27583.14285714286,28190.155844155845,27661.94155844156,0.0,0.24623466,20000.0
8400206,2026-11-11,47170.0,20000.0,27170.0,77.0,0.00743,10.209905507043057,0.0,3.34464993469626,5.8664680569332965,2.9967121854403396,5.1298987149230735,2.8845066384437668,4.61512051684126,2.7219877089459916,4.110873864173311,27433.14285714286,27570.285714285714,28162.805194805194,27646.70779220779,0.0,0.24623466,20000.0
8400206,2026-11-12,46860.0,20000.0,26860.0,77.0,0.00743,10.198430699466112,0.0,3.439001840986011,5.8664680569332965,3.113079484405045,5.37989735354046,3.1603542532485447,5.37989735354046,3.2188758248682006,5.37989735354046,27389.428571428572,27549.714285714286,28132.64935064935,27634.694805194806,0.0,0.0,20000.0
8400206,2026-11-13,46860.0,20000.0,26860.0,77.0,0.00743,10.198430699466112,0.0,3.5605294202314113,5.8664680569332965,3.352309173470879,5.739792912179234,3.4322879687321866,5.739792912179234,3.721244738615968,5.739792912179234,27305.714285714286,27518.071428571428,28098.467532467534,27620.66883116883,0.0,0.0,20000.0
8400206,2026-11-14,46860.0,20000.0,26860.0,77.0,0.00743,10.198430699466112,0.0,3.5605294202314113,5.8664680569332965,3.352309173470879,5.739792912179234,3.3799199832148705,5.739792912179234,3.721244738615968,5.739792912179234,27222.0,27487.5,28064.285714285714,27606.64285714286,0.0,0.0,20000.0
8400206,2026-11-15,46860.0,20000.0,26860.0,77.0,0.00743,10.198430699466112,0.0,3.5605294202314113,5.8664680569332965,3.352309173470879,5.739792912179234,3.3799199832148705,5.739792912179234,3.6417326756882344,5.739792912179234,27138.285714285714,27456.928571428572,28030.103896103898,27592.616883116883,0.0,0.0,20000.0
8400206,2026-11-16,46860.0,20000.0,26860.0,77.0,0.00743,10.198430699466112,0.0,3.5605294202314113,5.8664680569332965,3.303072787590506,5.739792912179234,3.3799199832148705,5.739792912179234,3.6417326756882344,5.739792912179234,27054.571428571428,27426.35714285714,27995.922077922078,27578.590909090908,0.0,0.0,20000.0
8400206,2026-11-17,46860.0,20000.0,26860.0,77.0,0.00743,10.198430699466112,0.0,3.423881855333224,5.8664680569332965,3.303072787590506,5.739792912179234,3.3799199832148705,5.739792912179234,3.6417326756882344,5.739792912179234,26979.428571428572,27397.928571428572,27966.233766233767,27574.74025974026,0.0,0.0,20000.0
8400206,2026-11-18,46860.0,20000.0,26860.0,77.0,0.00743,10.198430699466112,0.0,3.377099830083095,5.8664680569332965,3.303072787590506,5.739792912179234,3.3799199832148705,5.739792912179234,3.5994728663983517,5.739792912179234,26904.285714285714,27369.5,27937.948051948053,27586.66233766234,0.0,0.0,20000.0
8400206,2026-11-19,46860.0,20000.0,26860.0,77.0,0.00743,10.198430699466112,0.0,3.377099830083095,5.8664680569332965,3.303072787590506,5.739792912179234,3.3799199832148705,5.739792912179234,3.5994728663983517,5.739792912179234,26860.0,27341.071428571428,27909.66233766234,27598.584415584417,0.0,0.0,20000.0
8400206,2026-11-20,46800.0,20000.0,26800.0,77.0,0.00743,10.196194479235656,0.0,3.377099830083095,5.8664680569332965,3.173960496756946,5.739792912179234,3.2938856458730674,5.739792912179234,3.5994728663983517,5.739792912179234,26860.0,27312.64285714286,27881.376623376622,27610.506493506495,0.0,0.0,20000.0
8400206,2026-11-21,46800.0,20000.0,26800.0,77.0,0.00743,10.196194479235656,0.0,3.4033595446666505,5.8664680569332965,3.222008168854517,5.739792912179234,3.2540397373258676,5.739792912179234,3.682278770082584,5.739792912179234,26851.428571428572,27283.14285714286,27852.31168831169,27622.03896103896,0.0,0.0,20000.0
8400206,2026-11-22,46800.0,20000.0,26800.0,77.0,0.00743,10.196194479235656,0.0,3.4033595446666505,5.8664680569332965,3.222008168854517,5.739792912179234,3.2540397373258676,5.739792912179234,3.5994728663983517,5.739792912179234,26842.85714285714,27253.64285714286,27823.246753246753,27633.571428571428,0.0,0.0,20000.0
8400206,2026-11-23,46800.0,20000.0,26800.0,77.0,0.00743,10.196194479235656,0.0,3.4033595446666505,5.8664680569332965,3.222008168854517,5.739792912179234,3.2540397373258676,5.739792912179234,3.5994728663983517,5.739792912179234,26834.285714285714,27224.14285714286,27794.18181818182,27645.103896103898,0.0,0.0,20000.0
8400206,2026-11-24,46700.0,20000.0,26700.0,77.0,0.00743,10.192456296870509,0.0,3.3938108610042206,5.8664680569332965,3.222008168854517,5.739792912179234,3.223077511721901,5.739792912179234,3.5994728663983517,5.739792912179234,26825.714285714286,27196.785714285714,27765.402597402597,27619.51948051948,0.0,0.0,20000.0
8400206,2026-11-25,46700.0,20000.0,26700.0,77.0,0.00743,10.192456296870509,0.0,3.4111048501677463,5.8664680569332965,3.297288245068976,5.739792912179234,3.3227615693749217,5.739792912179234,3.6954368546600955,5.739792912179234,26802.85714285714,27165.85714285714,27736.103896103898,27593.285714285714,0.0,0.0,20000.0
8400206,2026-11-26,46700.0,20000.0,26700.0,77.0,0.00743,10.192456296870509,0.0,3.4111048501677463,5.8664680569332965,3.27529322348343,5.739792912179234,3.3227615693749217,5.739792912179234,3.6954368546600955,5.739792912179234,26780.0,27134.928571428572,27706.805194805194,27567.051948051947,0.0,0.0,20000.0
8400206,2026-11-27,46648.0,20000.0,26648.0,77.0,0.00743,10.190506905437811,0.0,3.4111048501677463,5.8664680569332965,3.2297963702148618,5.739792912179234,3.264151046930188,5.739792912179234,3.6954368546600955,5.739792912179234,26757.14285714286,27105.071428571428,27677.506493506495,27540.81818181818,0.0,0.0,20000.0
8400206,2026-11-28,46648.0,20000.0,26648.0,77.0,0.00743,10.190506905437811,0.0,3.3233528334654636,5.8664680569332965,3.2693452505573526,5.739792912179234,3.3151424848984825,5.739792912179234,3.7612001156935624,5.739792912179234,26735.428571428572,27073.35714285714,27650.753246753247,27514.246753246753,0.0,0.0,20000.0
8400206,2026-11-29,46648.0,20000.0,26648.0,77.0,0.00743,10.190506905437811,0.0,3.3233528334654636,5.8664680569332965,3.2693452505573526,5.739792912179234,3.3151424848984825,5.739792912179234,3.684924274271008,5.739792912179234,26713.714285714286,27041.64285714286,27624.0,27487.675324675325,0.0,0.0,20000.0
8400206,2026-11-30,46648.0,20000.0,26648.0,77.0,0.00743,10.190506905437811,0.0,3.3233528334654636,5.8664680569332965,3.2693452505573526,5.739792912179234,3.3151424848984825,5.739792912179234,3.684924274271008,5.739792912179234,26692.0,27009.928571428572,27597.246753246753,27461.103896103898,0.0,0.0,20000.0
8400206,2026-12-01,46648.0,20000.0,26648.0,77.0,0.00743,10.190506905437811,0.0,3.1433682723600556,5.739792912179234,3.2693452505573526,5.739792912179234,3.2860424684120413,5.739792912179234,3.348980299680041,5.739792912179234,26670.285714285714,26980.35714285714,27575.064935064936,27459.727272727272,0.0,0.0,20000.0
8400206,2026-12-02,46648.0,20000.0,26648.0,77.0,0.00743,10.190506905437811,0.0,3.1433682723600556,5.739792912179234,3.2693452505573526,5.739792912179234,3.2860424684120413,5.739792912179234,2.497978731355353,4.61512051684126,26662.85714285714,26950.785714285714,27552.883116883117,27458.35064935065,0.0,0.0,20000.0
8400206,2026-12-03,46648.0,20000.0,26648.0,77.0,0.00743,10.190506905437811,0.0,3.1433682723600556,5.739792912179234,3.198272877401252,5.739792912179234,3.2860424684120413,5.739792912179234,2.497978731355353,4.61512051684126,26655.428571428572,26921.214285714286,27530.7012987013,27456.974025974025,0.0,0.0,20000.0
8400206,2026-12-04,46648.0,20000.0,26648.0,77.0,0.00743,10.190506905437811,0.0,3.1433682723600556,5.739792912179234,3.11482164512443,5.739792912179234,3.2251717533250157,5.739792912179234,2.497978731355353,4.61512051684126,26648.0,26892.714285714286,27508.51948051948,27455.597402597403,0.0,0.0,20000.0
8400206,2026-12-05,46648.0,20000.0,26648.0,77.0,0.00743,10.190506905437811,0.0,3.1433682723600556,5.739792912179234,3.11482164512443,5.739792912179234,3.2251717533250157,5.739792912179234,2.497978731355353,4.61512051684126,26648.0,26864.214285714286,27486.33766233766,27454.22077922078,0.0,0.0,20000.0
8400206,2026-12-06,46648.0,20000.0,26648.0,77.0,0.00743,10.190506905437811,0.0,3.1433682723600556,5.739792912179234,3.11482164512443,5.739792912179234,3.2251717533250157,5.739792912179234,2.497978731355353,4.61512051684126,26648.0,26835.714285714286,27464.155844155845,27452.844155844155,0.0,0.0,20000.0
8400206,2026-12-07,46648.0,20000.0,26648.0,77.0,0.00743,10.190506905437811,0.0,3.1433682723600556,5.739792912179234,3.0883650755875993,5.739792912179234,3.1932880749197934,5.739792912179234,2.497978731355353,4.61512051684126,26648.0,26807.214285714286,27441.974025974025,27451.467532467534,0.0,0.0,20000.0
8400206,2026-12-08,46402.0,20000.0,26402.0,77.0,0.00743,10.181232919041921,0.0,3.0916325979608668,5.739792912179234,3.0883650755875993,5.739792912179234,3.1932880749197934,5.739792912179234,2.497978731355353,4.61512051684126,26648.0,26780.85714285714,27420.96103896104,27450.090909090908,0.0,0.0,20000.0
8400206,2026-12-09,46402.0,20000.0,26402.0,77.0,0.00743,10.181232919041921,0.0,3.2271531613153264,5.739792912179234,3.2870840748947345,5.739792912179234,3.428880810410572,5.739792912179234,3.223077511721901,5.5093883366279774,26612.85714285714,26745.714285714286,27396.753246753247,27474.928571428572,0.0,0.0,20000.0
8400206,2026-12-10,46402.0,20000.0,26402.0,77.0,0.00743,10.181232919041921,0.0,3.2271531613153264,5.739792912179234,3.242132687032468,5.739792912179234,3.428880810410572,5.739792912179234,3.088647242632361,5.5093883366279774,26577.714285714286,26718.285714285714,27372.545454545456,27501.16883116883,0.0,0.0,20000.0
8400206,2026-12-11,46402.0,20000.0,26402.0,77.0,0.00743,10.181232919041921,0.0,3.2271531613153264,5.739792912179234,3.242132687032468,5.739792912179234,3.376329315084142,5.739792912179234,3.088647242632361,5.5093883366279774,26542.571428571428,26701.928571428572,27348.33766233766,27527.409090909092,0.0,0.0,20000.0
8400206,2026-12-12,46402.0,20000.0,26402.0,77.0,0.00743,10.181232919041921,0.0,3.190422904420406,5.739792912179234,3.242132687032468,5.739792912179234,3.376329315084142,5.739792912179234,3.088647242632361,5.5093883366279774,26507.428571428572,26685.571428571428,27325.03896103896,27553.64935064935,0.0,0.0,20000.0
8400206,2026-12-13,46402.0,20000.0,26402.0,77.0,0.00743,10.181232919041921,0.0,3.190422904420406,5.739792912179234,3.242132687032468,5.739792912179234,3.376329315084142,5.739792912179234,3.088647242632361,5.5093883366279774,26472.285714285714,26669.214285714286,27301.74025974026,27579.88961038961,0.0,0.0,20000.0
8400206,2026-12-14,46402.0,20000.0,26402.0,77.0,0.00743,10.181232919041921,0.0,3.190422904420406,5.739792912179234,3.2188758248682006,5.739792912179234,3.348980299680041,5.739792912179234,2.81446279471084,5.5093883366279774,26437.14285714286,26652.85714285714,27278.44155844156,27606.12987012987,0.0,0.0,20000.0
8400206,2026-12-15,46364.0,20000.0,26364.0,77.0,0.00743,10.17979265196457,0.0,3.190422904420406,5.739792912179234,3.2188758248682006,5.739792912179234,3.348980299680041,5.739792912179234,2.81446279471084,5.5093883366279774,26402.0,26636.5,27255.14285714286,27636.266233766233,0.0,0.0,20000.0
8400206,2026-12-16,46364.0,20000.0,26364.0,77.0,0.00743,10.17979265196457,0.0,3.1184095179145053,5.739792912179234,3.2482442415784702,5.739792912179234,3.3834978045627544,5.739792912179234,2.9276788103089753,5.5093883366279774,26396.571428571428,26618.785714285714,27233.532467532466,27626.31168831169,0.0,0.0,20000.0
8400206,2026-12-17,46364.0,20000.0,26364.0,77.0,0.00743,10.17979265196457,0.0,3.1184095179145053,5.739792912179234,3.2014703221717427,5.739792912179234,3.3834978045627544,5.739792912179234,2.7692938263429285,5.5093883366279774,26391.14285714286,26601.071428571428,27211.922077922078,27616.35714285714,0.0,0.0,20000.0
8400206,2026-12-18,46364.0,20000.0,26364.0,77.0,0.00743,10.17979265196457,0.0,3.1184095179145053,5.739792912179234,3.2014703221717427,5.739792912179234,3.328438027379727,5.739792912179234,2.7692938263429285,5.5093883366279774,26385.714285714286,26583.35714285714,27190.31168831169,27606.402597402597,0.0,0.0,20000.0
8400206,2026-12-19,46364.0,20000.0,26364.0,77.0,0.00743,10.17979265196457,0.0,3.1184095179145053,5.739792912179234,3.2014703221717427,5.739792912179234,3.328438027379727,5.739792912179234,2.7692938263429285,5.5093883366279774,26380.285714285714,26567.785714285714,27168.7012987013,27596.448051948053,0.0,0.0,20000.0
8400206,2026-12-20,46364.0,20000.0,26364.0,77.0,0.00743,10.17979265196457,0.0,3.1184095179145053,5.739792912179234,3.1772365029628467,5.739792912179234,3.1005663348695713,5.739792912179234,2.7692938263429285,5.5093883366279774,26374.85714285714,26552.214285714286,27147.090909090908,27586.493506493505,0.0,0.0,20000.0
8400206,2026-12-21,46364.0,20000.0,26364.0,77.0,0.00743,10.17979265196457,0.0,3.1184095179145053,5.739792912179234,3.1772365029628467,5.739792912179234,2.642809679233809,5.5093883366279774,2.7692938263429285,5.5093883366279774,26369.428571428572,26536.64285714286,27125.48051948052,27576.53896103896,0.0,0.0,20000.0
8400206,2026-12-22,46326.0,20000.0,26326.0,77.0,0.00743,10.17835030752565,0.0,3.1010278520385097,5.739792912179234,3.1772365029628467,5.739792912179234,2.642809679233809,5.5093883366279774,2.7692938263429285,5.5093883366279774,26364.0,26521.071428571428,27104.25974025974,27566.584415584417,0.0,0.0,20000.0
8400206,2026-12-23,46326.0,20000.0,26326.0,77.0,0.00743,10.17835030752565,0.0,3.0880864949541165,5.739792912179234,3.207834703240594,5.739792912179234,2.711552831653412,5.5093883366279774,2.8874434981170762,5.5093883366279774,26358.571428571428,26507.714285714286,27083.324675324675,27579.863636363636,0.0,0.0,20000.0
8400206,2026-12-24,46326.0,20000.0,26326.0,77.0,0.00743,10.17835030752565,0.0,3.0880864949541165,5.739792912179234,3.159084189355658,5.739792912179234,2.711552831653412,5.5093883366279774,2.8874434981170762,5.5093883366279774,26353.14285714286,26494.35714285714,27062.38961038961,27593.14285714286,0.0,0.0,20000.0
8400206,2026-12-25,46326.0,20000.0,26326.0,77.0,0.00743,10.17835030752565,0.0,3.0880864949541165,5.739792912179234,3.159084189355658,5.739792912179234,2.711552831653412,5.5093883366279774,2.8874434981170762,5.5093883366279774,26347.714285714286,26481.0,27041.454545454544,27606.422077922078,0.0,0.0,20000.0
8400206,2026-12-26,46326.0,20000.0,26326.0,77.0,0.00743,10.17835030752565,0.0,3.0880864949541165,5.739792912179234,3.159084189355658,5.739792912179234,2.711552831653412,5.5093883366279774,2.8874434981170762,5.5093883366279774,26342.285714285714,26469.5,27020.51948051948,27619.7012987013,0.0,0.0,20000.0
8400206,2026-12-27,46326.0,20000.0,26326.0,77.0,0.00743,10.17835030752565,0.0,3.0880864949541165,5.739792912179234,3.1337877308733915,5.739792912179234,2.711552831653412,5.5093883366279774,2.8874434981170762,5.5093883366279774,26336.85714285714,26458.0,26999.584415584417,27632.98051948052,0.0,0.0,20000.0
8400206,2026-12-28,46326.0,20000.0,26326.0,77.0,0.00743,10.17835030752565,0.0,3.0880864949541165,5.739792912179234,3.1337877308733915,5.739792912179234,2.711552831653412,5.5093883366279774,1.6094379124341003,3.6635616461296463,26331.428571428572,26446.5,26978.64935064935,27646.25974025974,0.0,0.0,20000.0
8400206,2026-12-29,46326.0,20000.0,26326.0,77.0,0.00743,10.17835030752565,0.0,3.032076726361329,5.739792912179234,3.1337877308733915,5.739792912179234,2.600738465313122,5.5093883366279774,1.6094379124341003,3.6635616461296463,26326.0,26435.0,26958.909090909092,27659.53896103896,0.0,0.0,20000.0
8400206,2026-12-30,46326.0,20000.0,26326.0,77.0,0.00743,10.17835030752565,0.0,2.9674129625659447,5.739792912179234,3.1337877308733915,5.739792912179234,2.600738465313122,5.5093883366279774,1.6094379124341003,3.6635616461296463,26326.0,26423.5,26940.467532467534,27687.96103896104,0.0,0.0,20000.0
8400206,2026-12-31,46326.0,20000.0,26326.0,77.0,0.00743,10.17835030752565,0.0,2.9674129625659447,5.739792912179234,3.081190156915304,5.739792912179234,2.600738465313122,5.5093883366279774,1.6094379124341003,3.6635616461296463,26326.0,26412.0,26922.025974025975,27716.383116883117,0.0,0.0,20000.0
8400206,2027-01-01,46326.0,20000.0,26326.0,77.0,0.00743,10.17835030752565,0.0,2.9674129625659447,5.739792912179234,3.081190156915304,5.739792912179234,2.600738465313122,5.5093883366279774,1.6094379124341003,3.6635616461296463,26326.0,26400.5,26903.584415584417,27744.805194805194,0.0,0.0,20000.0
8400206,2027-01-02,46326.0,20000.0,26326.0,77.0,0.00743,10.17835030752565,0.0,2.9471693562892978,5.739792912179234,2.8649980855505297,5.739792912179234,2.3834371896231406,5.5093883366279774,1.6094379124341003,3.6635616461296463,26326.0,26389.0,26885.532467532466,27773.227272727272,0.0,0.0,20000.0
8400206,2027-01-03,46326.0,20000.0,26326.0,77.0,0.00743,10.17835030752565,0.0,2.9471693562892978,5.739792912179234,2.4397862145075306,5.5093883366279774,2.3834371896231406,5.5093883366279774,1.6094379124341003,3.6635616461296463,26326.0,26377.5,26867.48051948052,27801.64935064935,0.0,0.0,20000.0
8400206,2027-01-04,46326.0,20000.0,26326.0,77.0,0.00743,10.17835030752565,0.0,2.9471693562892978,5.739792912179234,2.4397862145075306,5.5093883366279774,2.3834371896231406,5.5093883366279774,1.0986122886681098,3.6635616461296463,26326.0,26366.0,26849.428571428572,27830.071428571428,0.0,0.0,20000.0
8400206,2027-01-05,46326.0,20000.0,26326.0,77.0,0.00743,10.17835030752565,0.0,2.905409635260705,5.739792912179234,2.4397862145075306,5.5093883366279774,2.2485178717237697,5.5093883366279774,1.0986122886681098,3.6635616461296463,26326.0,26354.5,26832.155844155845,27858.493506493505,0.0,0.0,20000.0
8400206,2027-01-06,46326.0,20000.0,26326.0,77.0,0.00743,10.17835030752565,0.0,2.905409635260705,5.739792912179234,2.4397862145075306,5.5093883366279774,2.2485178717237697,5.5093883366279774,1.0986122886681098,3.6635616461296463,26326.0,26351.785714285714,26814.883116883117,27832.090909090908,0.0,0.0,20000.0
8400206,2027-01-07,46326.0,20000.0,26326.0,77.0,0.00743,10.17835030752565,0.0,2.905409635260705,5.739792912179234,2.4397862145075306,5.5093883366279774,2.2485178717237697,5.5093883366279774,1.0986122886681098,3.6635616461296463,26326.0,26349.071428571428,26797.61038961039,27805.68831168831,0.0,0.0,20000.0
8400206,2027-01-08,46326.0,20000.0,26326.0,77.0,0.00743,10.17835030752565,0.0,2.905409635260705,5.739792912179234,2.4397862145075306,5.5093883366279774,2.2485178717237697,5.5093883366279774,1.0986122886681098,3.6635616461296463,26326.0,26346.35714285714,26780.33766233766,27779.285714285714,0.0,0.0,20000.0
8400206,2027-01-09,46326.0,20000.0,26326.0,77.0,0.00743,10.17835030752565,0.0,2.883857076874971,5.739792912179234,2.4397862145075306,5.5093883366279774,2.2485178717237697,5.5093883366279774,1.0986122886681098,3.6635616461296463,26326.0,26343.64285714286,26763.454545454544,27752.883116883117,0.0,0.0,20000.0
8400206,2027-01-10,46326.0,20000.0,26326.0,77.0,0.00743,10.17835030752565,0.0,2.883857076874971,5.739792912179234,2.4397862145075306,5.5093883366279774,2.2485178717237697,5.5093883366279774,1.0986122886681098,3.6635616461296463,26326.0,26340.928571428572,26746.571428571428,27726.48051948052,0.0,0.0,20000.0
8400206,2027-01-11,46326.0,20000.0,26326.0,77.0,0.00743,10.17835030752565,0.0,2.883857076874971,5.739792912179234,2.331572629867298,5.5093883366279774,2.2485178717237697,5.5093883366279774,0.0,0.0,26326.0,26338.214285714286,26729.68831168831,27700.077922077922,0.0,0.0,20000.0
8400206,2027-01-12,46326.0,20000.0,26326.0,77.0,0.00743,10.17835030752565,0.0,2.8393062798895974,5.739792912179234,2.331572629867298,5.5093883366279774,2.2485178717237697,5.5093883366279774,0.0,0.0,26326.0,26335.5,26713.584415584417,27673.675324675325,0.0,0.0,20000.0
8400206,2027-01-13,46326.0,20000.0,26326.0,77.0,0.00743,10.17835030752565,0.0,2.8393062798895974,5.739792912179234,2.331572629867298,5.5093883366279774,2.2485178717237697,5.5093883366279774,0.0,0.0,26326.0,26334.14285714286,26697.48051948052,27647.805194805194,0.0,0.0,20000.0
8400206,2027-01-14,46326.0,20000.0,26326.0,77.0,0.00743,10.17835030752565,0.0,2.8393062798895974,5.739792912179234,2.331572629867298,5.5093883366279774,2.2485178717237697,5.5093883366279774,0.0,0.0,26326.0,26332.785714285714,26681.376623376622,27621.935064935064,0.0,0.0,20000.0
8400206,2027-01-15,46326.0,20000.0,26326.0,77.0,0.00743,10.17835030752565,0.0,2.816263785742443,5.739792912179234,2.120263536200091,5.5093883366279774,2.2485178717237697,5.5093883366279774,0.0,0.0,26326.0,26331.428571428572,26665.66233766234,27596.064935064936,0.0,0.0,20000.0
8400206,2027-01-16,46326.0,20000.0,26326.0,77.0,0.00743,10.17835030752565,0.0,2.816263785742443,5.739792912179234,2.120263536200091,5.5093883366279774,1.0986122886681098,3.6635616461296463,0.0,0.0,26326.0,26330.071428571428,26649.948051948053,27570.194805194806,0.0,0.0,20000.0
8400206,2027-01-17,46326.0,20000.0,26326.0,77.0,0.00743,10.17835030752565,0.0,2.816263785742443,5.739792912179234,2.120263536200091,5.5093883366279774,1.0986122886681098,3.6635616461296463,0.0,0.0,26326.0,26328.714285714286,26634.233766233767,27544.324675324675,0.0,0.0,20000.0
8400206,2027-01-18,46326.0,20000.0,26326.0,77.0,0.00743,10.17835030752565,0.0,2.816263785742443,5.739792912179234,1.9897527869194898,5.5093883366279774,1.0986122886681098,3.6635616461296463,0.0,0.0,26326.0,26327.35714285714,26618.51948051948,27518.454545454544,0.0,0.0,20000.0
8400206,2027-01-19,46326.0,20000.0,26326.0,77.0,0.00743,10.17835030752565,0.0,2.7685220228572276,5.739792912179234,1.9897527869194898,5.5093883366279774,1.0986122886681098,3.6635616461296463,0.0,0.0,26326.0,26326.0,26603.584415584417,27493.597402597403,0.0,0.0,20000.0
8400206,2027-01-20,46326.0,20000.0,26326.0,77.0,0.00743,10.17835030752565,0.0,2.7685220228572276,5.739792912179234,1.9897527869194898,5.5093883366279774,1.0986122886681098,3.6635616461296463,0.0,0.0,26326.0,26326.0,26588.64935064935,27472.506493506495,0.0,0.0,20000.0
8400206,2027-01-21,46326.0,20000.0,26326.0,77.0,0.00743,10.17835030752565,0.0,2.7685220228572276,5.739792912179234,1.9897527869194898,5.5093883366279774,1.0986122886681098,3.6635616461296463,0.0,0.0,26326.0,26326.0,26573.714285714286,27451.415584415583,0.0,0.0,20000.0
8400206,2027-01-22,46326.0,20000.0,26326.0,77.0,0.00743,10.17835030752565,0.0,2.743768283704289,5.739792912179234,1.9897527869194898,5.5093883366279774,1.0986122886681098,3.6635616461296463,0.0,0.0,26326.0,26326.0,26559.16883116883,27430.324675324675,0.0,0.0,20000.0
8400206,2027-01-23,46326.0,20000.0,26326.0,77.0,0.00743,10.17835030752565,0.0,2.743768283704289,5.739792912179234,1.9897527869194898,5.5093883366279774,0.6931471805599453,3.6635616461296463,0.0,0.0,26326.0,26326.0,26544.623376623378,27409.233766233767,0.0,0.0,20000.0
8400206,2027-01-24,46326.0,20000.0,26326.0,77.0,0.00743,10.17835030752565,0.0,2.743768283704289,5.739792912179234,1.9897527869194898,5.5093883366279774,0.6931471805599453,3.6635616461296463,0.0,0.0,26326.0,26326.0,26530.077922077922,27388.14285714286,0.0,0.0,20000.0
8400206,2027-01-25,46326.0,20000.0,26326.0,77.0,0.00743,10.17835030752565,0.0,2.743768283704289,5.739792912179234,1.9897527869194898,5.5093883366279774,0.6931471805599453,3.6635616461296463,0.0,0.0,26326.0,26326.0,26515.532467532466,27367.051948051947,0.0,0.0,20000.0
8400206,2027-01-26,46326.0,20000.0,26326.0,77.0,0.00743,10.17835030752565,0.0,2.692343071896852,5.739792912179234,1.9897527869194898,5.5093883366279774,0.6931471805599453,3.6635616461296463,0.0,0.0,26326.0,26326.0,26501.766233766233,27345.96103896104,0.0,0.0,20000.0
8400206,2027-01-27,46326.0,20000.0,26326.0,77.0,0.00743,10.17835030752565,0.0,2.692343071896852,5.739792912179234,1.9897527869194898,5.5093883366279774,0.6931471805599453,3.6635616461296463,0.0,0.0,26326.0,26326.0,26488.0,27325.402597402597,0.0,0.0,20000.0
8400206,2027-01-28,46326.0,20000.0,26326.0,77.0,0.00743,10.17835030752565,0.0,2.481654614401623,5.739792912179234,1.9897527869194898,5.5093883366279774,0.6931471805599453,3.6635616461296463,0.0,0.0,26326.0,26326.0,26477.03896103896,27304.844155844155,0.0,0.0,20000.0
8400206,2027-01-29,46326.0,20000.0,26326.0,77.0,0.00743,10.17835030752565,0.0,2.0712915373179115,5.5093883366279774,0.9123614537342655,3.6635616461296463,0.6931471805599453,3.6635616461296463,0.0,0.0,26326.0,26326.0,26470.103896103898,27284.285714285714,0.0,0.0,20000.0
8400206,2027-01-30,46326.0,20000.0,26326.0,77.0,0.00743,10.17835030752565,0.0,2.0712915373179115,5.5093883366279774,0.9123614537342655,3.6635616461296463,0.0,0.0,0.0,0.0,26326.0,26326.0,26463.16883116883,27263.727272727272,0.0,0.0,20000.0
8400206,2027-01-31,46326.0,20000.0,26326.0,77.0,0.00743,10.17835030752565,0.0,2.0712915373179115,5.5093883366279774,0.9123614537342655,3.6635616461296463,0.0,0.0,0.0,0.0,26326.0,26326.0,26456.233766233767,27243.16883116883,0.0,0.0,20000.0
8400206,2027-02-01,46326.0,20000.0,26326.0,77.0,0.00743,10.17835030752565,0.0,2.0712915373179115,5.5093883366279774,0.9123614537342655,3.6635616461296463,0.0,0.0,0.0,0.0,26326.0,26326.0,26449.2987012987,27222.61038961039,0.0,0.0,20000.0
8400206,2027-02-02,46326.0,20000.0,26326.0,77.0,0.00743,10.17835030752565,0.0,2.0712915373179115,5.5093883366279774,0.9123614537342655,3.6635616461296463,0.0,0.0,0.0,0.0,26326.0,26326.0,26442.363636363636,27204.2987012987,0.0,0.0,20000.0
8400206,2027-02-03,46326.0,20000.0,26326.0,77.0,0.00743,10.17835030752565,0.0,2.0712915373179115,5.5093883366279774,0.9123614537342655,3.6635616461296463,0.0,0.0,0.0,0.0,26326.0,26326.0,26435.428571428572,27186.68831168831,0.0,0.0,20000.0
8400206,2027-02-04,46326.0,20000.0,26326.0,77.0,0.00743,10.17835030752565,0.0,2.0712915373179115,5.5093883366279774,0.9123614537342655,3.6635616461296463,0.0,0.0,0.0,0.0,26326.0,26326.0,26428.493506493505,27169.077922077922,0.0,0.0,20000.0
8400206,2027-02-05,46326.0,20000.0,26326.0,77.0,0.00743,10.17835030752565,0.0,2.0712915373179115,5.5093883366279774,0.556810737007814,3.6635616461296463,0.0,0.0,0.0,0.0,26326.0,26326.0,26421.55844155844,27151.467532467534,0.0,0.0,20000.0
8400206,2027-02-06,46326.0,20000.0,26326.0,77.0,0.00743,10.17835030752565,0.0,1.9679293872992305,5.5093883366279774,0.556810737007814,3.6635616461296463,0.0,0.0,0.0,0.0,26326.0,26326.0,26415.402597402597,27133.85714285714,0.0,0.0,20000.0
8400206,2027-02-07,46326.0,20000.0,26326.0,77.0,0.00743,10.17835030752565,0.0,1.9679293872992305,5.5093883366279774,0.556810737007814,3.6635616461296463,0.0,0.0,0.0,0.0,26326.0,26326.0,26409.246753246753,27116.246753246753,0.0,0.0,20000.0
8400206,2027-02-08,46326.0,20000.0,26326.0,77.0,0.00743,10.17835030752565,0.0,1.9679293872992305,5.5093883366279774,0.556810737007814,3.6635616461296463,0.0,0.0,0.0,0.0,26326.0,26326.0,26403.090909090908,27098.636363636364,0.0,0.0,20000.0
8400206,2027-02-09,46326.0,20000.0,26326.0,77.0,0.00743,10.17835030752565,0.0,1.9679293872992305,5.5093883366279774,0.556810737007814,3.6635616461296463,0.0,0.0,0.0,0.0,26326.0,26326.0,26396.935064935064,27081.16883116883,0.0,0.0,20000.0
8400206,2027-02-10,46326.0,20000.0,26326.0,77.0,0.00743,10.17835030752565,0.0,1.7676619176489945,5.5093883366279774,0.556810737007814,3.6635616461296463,0.0,0.0,0.0,0.0,26326.0,26326.0,26392.077922077922,27064.090909090908,0.0,0.0,20000.0
8400206,2027-02-11,46326.0,20000.0,26326.0,77.0,0.00743,10.17835030752565,0.0,1.7676619176489945,5.5093883366279774,0.556810737007814,3.6635616461296463,0.0,0.0,0.0,0.0,26326.0,26326.0,26387.22077922078,27047.012987012986,0.0,0.0,20000.0
8400206,2027-02-12,46326.0,20000.0,26326.0,77.0,0.00743,10.17835030752565,0.0,1.7676619176489945,5.5093883366279774,0.0,0.0,0.0,0.0,0.0,0.0,26326.0,26326.0,26382.363636363636,27029.935064935064,0.0,0.0,20000.0
8400206,2027-02-13,46326.0,20000.0,26326.0,77.0,0.00743,10.17835030752565,0.0,1.6451559950361796,5.5093883366279774,0.0,0.0,0.0,0.0,0.0,0.0,26326.0,26326.0,26378.18181818182,27014.467532467534,0.0,0.0,20000.0
8400206,2027-02-14,46326.0,20000.0,26326.0,77.0,0.00743,10.17835030752565,0.0,1.6451559950361796,5.5093883366279774,0.0,0.0,0.0,0.0,0.0,0.0,26326.0,26326.0,26374.0,26999.0,0.0,0.0,20000.0
8400206,2027-02-15,46326.0,20000.0,26326.0,77.0,0.00743,10.17835030752565,0.0,1.6451559950361796,5.5093883366279774,0.0,0.0,0.0,0.0,0.0,0.0,26326.0,26326.0,26369.81818181818,26983.532467532466,0.0,0.0,20000.0
8400206,2027-02-16,46176.0,20000.0,26176.0,77.0,0.00743,10.172636441606745,0.0,1.6451559950361796,5.5093883366279774,0.0,0.0,0.0,0.0,0.0,0.0,26326.0,26326.0,26365.636363636364,26970.35064935065,0.0,0.0,20000.0
8400206,2027-02-17,46176.0,20000.0,26176.0,77.0,0.00743,10.172636441606745,0.0,1.9642930196558468,5.5093883366279774,1.37147927533475,5.017279836814924,1.5988558031035636,5.017279836814924,2.185459735756633,5.017279836814924,26304.571428571428,26320.64285714286,26359.506493506495,26956.194805194806,0.0,0.0,20000.0
8400206,2027-02-18,46176.0,20000.0,26176.0,77.0,0.00743,10.172636441606745,0.0,1.9642930196558468,5.5093883366279774,1.37147927533475,5.017279836814924,1.5988558031035636,5.017279836814924,2.185459735756633,5.017279836814924,26283.14285714286,26315.285714285714,26353.376623376622,26942.03896103896,0.0,0.0,20000.0
8400206,2027-02-19,46176.0,20000.0,26176.0,77.0,0.00743,10.172636441606745,0.0,1.9642930196558468,5.5093883366279774,1.37147927533475,5.017279836814924,1.5988558031035636,5.017279836814924,2.185459735756633,5.017279836814924,26261.714285714286,26309.928571428572,26347.246753246753,26927.883116883117,0.0,0.0,20000.0
8400206,2027-02-20,46176.0,20000.0,26176.0,77.0,0.00743,10.172636441606745,0.0,1.9642930196558468,5.5093883366279774,1.37147927533475,5.017279836814924,1.5988558031035636,5.017279836814924,2.185459735756633,5.017279836814924,26240.285714285714,26304.571428571428,26341.116883116883,26913.727272727272,0.0,0.0,20000.0
8400206,2027-02-21,46176.0,20000.0,26176.0,77.0,0.00743,10.172636441606745,0.0,1.9642930196558468,5.5093883366279774,1.37147927533475,5.017279836814924,1.5988558031035636,5.017279836814924,2.185459735756633,5.017279836814924,26218.85714285714,26299.214285714286,26334.987012987014,26899.571428571428,0.0,0.0,20000.0
8400206,2027-02-22,46176.0,20000.0,26176.0,77.0,0.00743,10.172636441606745,0.0,1.9642930196558468,5.5093883366279774,1.37147927533475,5.017279836814924,1.5988558031035636,5.017279836814924,2.185459735756633,5.017279836814924,26197.428571428572,26293.85714285714,26328.85714285714,26885.415584415583,0.0,0.0,20000.0
8400206,2027-02-23,46176.0,20000.0,26176.0,77.0,0.00743,10.172636441606745,0.0,1.9642930196558468,5.5093883366279774,1.37147927533475,5.017279836814924,1.5988558031035636,5.017279836814924,2.185459735756633,5.017279836814924,26176.0,26288.5,26322.727272727272,26871.844155844155,0.0,0.0,20000.0
8400206,2027-02-24,46176.0,20000.0,26176.0,77.0,0.00743,10.172636441606745,0.0,1.3699273836556853,5.017279836814924,1.37147927533475,5.017279836814924,1.5988558031035636,5.017279836814924,2.185459735756633,5.017279836814924,26176.0,26283.14285714286,26319.79220779221,26858.272727272728,0.0,0.0,20000.0
8400206,2027-02-25,46176.0,20000.0,26176.0,77.0,0.00743,10.172636441606745,0.0,1.3699273836556853,5.017279836814924,1.37147927533475,5.017279836814924,1.5988558031035636,5.017279836814924,2.185459735756633,5.017279836814924,26176.0,26277.785714285714,26316.85714285714,26844.7012987013,0.0,0.0,20000.0
8400206,2027-02-26,46176.0,20000.0,26176.0,77.0,0.00743,10.172636441606745,0.0,1.3699273836556853,5.017279836814924,1.37147927533475,5.017279836814924,1.5988558031035636,5.017279836814924,2.185459735756633,5.017279836814924,26176.0,26272.428571428572,26313.922077922078,26831.12987012987,0.0,0.0,20000.0
8400206,2027-02-27,46176.0,20000.0,26176.0,77.0,0.00743,10.172636441606745,0.0,1.3699273836556853,5.017279836814924,1.37147927533475,5.017279836814924,1.5988558031035636,5.017279836814924,2.185459735756633,5.017279836814924,26176.0,26267.071428571428,26310.987012987014,26818.012987012986,0.0,0.0,20000.0
8400206,2027-02-28,46176.0,20000.0,26176.0,77.0,0.00743,10.172636441606745,0.0,1.3699273836556853,5.017279836814924,1.37147927533475,5.017279836814924,1.5988558031035636,5.017279836814924,2.185459735756633,5.017279836814924,26176.0,26261.714285714286,26308.051948051947,26804.896103896102,0.0,0.0,20000.0
8400206,2027-03-01,46176.0,20000.0,26176.0,77.0,0.00743,10.172636441606745,0.0,1.3699273836556853,5.017279836814924,1.37147927533475,5.017279836814924,1.5988558031035636,5.017279836814924,2.185459735756633,5.017279836814924,26176.0,26256.35714285714,26305.116883116883,26791.77922077922,0.0,0.0,20000.0
8400206,2027-03-02,46176.0,20000.0,26176.0,77.0,0.00743,10.172636441606745,0.0,1.3699273836556853,5.017279836814924,1.37147927533475,5.017279836814924,1.5988558031035636,5.017279836814924,2.185459735756633,5.017279836814924,26176.0,26251.0,26302.18181818182,26778.66233766234,0.0,0.0,20000.0
8400206,2027-03-03,46176.0,20000.0,26176.0,77.0,0.00743,10.172636441606745,0.0,1.2359244041325383,5.017279836814924,1.37147927533475,5.017279836814924,1.5988558031035636,5.017279836814924,2.185459735756633,5.017279836814924,26176.0,26245.64285714286,26299.74025974026,26766.636363636364,0.0,0.0,20000.0
8400206,2027-03-04,46176.0,20000.0,26176.0,77.0,0.00743,10.172636441606745,0.0,1.2359244041325383,5.017279836814924,1.37147927533475,5.017279836814924,1.5988558031035636,5.017279836814924,2.185459735756633,5.017279836814924,26176.0,26240.285714285714,26297.2987012987,26754.61038961039,0.0,0.0,20000.0
8400206,2027-03-05,46176.0,20000.0,26176.0,77.0,0.00743,10.172636441606745,0.0,1.2359244041325383,5.017279836814924,1.37147927533475,5.017279836814924,1.5988558031035636,5.017279836814924,2.185459735756633,5.017279836814924,26176.0,26234.928571428572,26294.85714285714,26742.584415584417,0.0,0.0,20000.0
8400206,2027-03-06,46176.0,20000.0,26176.0,77.0,0.00743,10.172636441606745,0.0,1.2359244041325383,5.017279836814924,1.37147927533475,5.017279836814924,1.5988558031035636,5.017279836814924,2.185459735756633,5.017279836814924,26176.0,26229.571428571428,26292.415584415583,26730.55844155844,0.0,0.0,20000.0
8400206,2027-03-07,46176.0,20000.0,26176.0,77.0,0.00743,10.172636441606745,0.0,1.2359244041325383,5.017279836814924,1.37147927533475,5.017279836814924,1.5988558031035636,5.017279836814924,2.185459735756633,5.017279836814924,26176.0,26224.214285714286,26289.974025974025,26718.532467532466,0.0,0.0,20000.0
8400206,2027-03-08,46176.0,20000.0,26176.0,77.0,0.00743,10.172636441606745,0.0,1.2359244041325383,5.017279836814924,1.37147927533475,5.017279836814924,1.5988558031035636,5.017279836814924,0.0,0.0,26176.0,26218.85714285714,26287.532467532466,26706.506493506495,0.0,0.0,20000.0
8400206,2027-03-09,46176.0,20000.0,26176.0,77.0,0.00743,10.172636441606745,0.0,1.2359244041325383,5.017279836814924,1.37147927533475,5.017279836814924,1.5988558031035636,5.017279836814924,0.0,0.0,26176.0,26213.5,26285.090909090908,26694.675324675325,0.0,0.0,20000.0
8400206,2027-03-10,46176.0,20000.0,26176.0,77.0,0.00743,10.172636441606745,0.0,1.0811445956277188,5.017279836814924,1.37147927533475,5.017279836814924,1.5988558031035636,5.017279836814924,0.0,0.0,26176.0,26208.14285714286,26283.14285714286,26683.233766233767,0.0,0.0,20000.0
8400206,2027-03-11,46176.0,20000.0,26176.0,77.0,0.00743,10.172636441606745,0.0,1.0811445956277188,5.017279836814924,1.37147927533475,5.017279836814924,1.5988558031035636,5.017279836814924,0.0,0.0,26176.0,26202.785714285714,26281.194805194806,26671.79220779221,0.0,0.0,20000.0
8400206,2027-03-12,46176.0,20000.0,26176.0,77.0,0.00743,10.172636441606745,0.0,1.0811445956277188,5.017279836814924,1.37147927533475,5.017279836814924,1.5988558031035636,5.017279836814924,0.0,0.0,26176.0,26197.428571428572,26279.246753246753,26660.35064935065,0.0,0.0,20000.0
8400206,2027-03-13,46176.0,20000.0,26176.0,77.0,0.00743,10.172636441606745,0.0,1.0811445956277188,5.017279836814924,1.37147927533475,5.017279836814924,1.5988558031035636,5.017279836814924,0.0,0.0,26176.0,26192.071428571428,26277.2987012987,26648.909090909092,0.0,0.0,20000.0
8400206,2027-03-14,46176.0,20000.0,26176.0,77.0,0.00743,10.172636441606745,0.0,1.0811445956277188,5.017279836814924,1.37147927533475,5.017279836814924,1.5988558031035636,5.017279836814924,0.0,0.0,26176.0,26186.714285714286,26275.35064935065,26637.467532467534,0.0,0.0,20000.0
8400206,2027-03-15,46176.0,20000.0,26176.0,77.0,0.00743,10.172636441606745,0.0,1.0811445956277188,5.017279836814924,1.37147927533475,5.017279836814924,1.5988558031035636,5.017279836814924,0.0,0.0,26176.0,26181.35714285714,26273.402597402597,26626.025974025975,0.0,0.0,20000.0
8400206,2027-03-16,46176.0,20000.0,26176.0,77.0,0.00743,10.172636441606745,0.0,1.0811445956277188,5.017279836814924,1.37147927533475,5.017279836814924,1.5988558031035636,5.017279836814924,0.0,0.0,26176.0,26176.0,26271.454545454544,26615.18181818182,0.0,0.0,20000.0
8400206,2027-03-17,46176.0,20000.0,26176.0,77.0,0.00743,10.172636441606745,0.0,1.0811445956277188,5.017279836814924,1.37147927533475,5.017279836814924,1.5988558031035636,5.017279836814924,0.0,0.0,26176.0,26176.0,26269.506493506495,26604.987012987014,0.0,0.0,20000.0
8400206,2027-03-18,46176.0,20000.0,26176.0,77.0,0.00743,10.172636441606745,0.0,1.0811445956277188,5.017279836814924,1.37147927533475,5.017279836814924,1.5988558031035636,5.017279836814924,0.0,0.0,26176.0,26176.0,26267.55844155844,26594.79220779221,0.0,0.0,20000.0
8400206,2027-03-19,46176.0,20000.0,26176.0,77.0,0.00743,10.172636441606745,0.0,1.0811445956277188,5.017279836814924,1.37147927533475,5.017279836814924,1.5988558031035636,5.017279836814924,0.0,0.0,26176.0,26176.0,26265.61038961039,26584.597402597403,0.0,0.0,20000.0
8400206,2027-03-20,46176.0,20000.0,26176.0,77.0,0.00743,10.172636441606745,0.0,1.0811445956277188,5.017279836814924,1.37147927533475,5.017279836814924,1.5988558031035636,5.017279836814924,0.0,0.0,26176.0,26176.0,26263.66233766234,26574.597402597403,0.0,0.0,20000.0
8400206,2027-03-21,46176.0,20000.0,26176.0,77.0,0.00743,10.172636441606745,0.0,1.0811445956277188,5.017279836814924,1.37147927533475,5.017279836814924,1.5988558031035636,5.017279836814924,0.0,0.0,26176.0,26176.0,26261.714285714286,26564.597402597403,0.0,0.0,20000.0
8400206,2027-03-22,46176.0,20000.0,26176.0,77.0,0.00743,10.172636441606745,0.0,1.0811445956277188,5.017279836814924,1.37147927533475,5.017279836814924,1.5988558031035636,5.017279836814924,0.0,0.0,26176.0,26176.0,26259.766233766233,26554.597402597403,0.0,0.0,20000.0
8400206,2027-03-23,46176.0,20000.0,26176.0,77.0,0.00743,10.172636441606745,0.0,1.0811445956277188,5.017279836814924,1.37147927533475,5.017279836814924,1.5988558031035636,5.017279836814924,0.0,0.0,26176.0,26176.0,26257.81818181818,26544.987012987014,0.0,0.0,20000.0
8400206,2027-03-24,46176.0,20000.0,26176.0,77.0,0.00743,10.172636441606745,0.0,1.0811445956277188,5.017279836814924,1.37147927533475,5.017279836814924,1.5988558031035636,5.017279836814924,0.0,0.0,26176.0,26176.0,26255.87012987013,26535.376623376622,0.0,0.0,20000.0
8400206,2027-03-25,46176.0,20000.0,26176.0,77.0,0.00743,10.172636441606745,0.0,1.0811445956277188,5.017279836814924,1.37147927533475,5.017279836814924,1.5988558031035636,5.017279836814924,0.0,0.0,26176.0,26176.0,26253.922077922078,26525.766233766233,0.0,0.0,20000.0
8400206,2027-03-26,46176.0,20000.0,26176.0,77.0,0.00743,10.172636441606745,0.0,1.0811445956277188,5.017279836814924,1.37147927533475,5.017279836814924,1.5988558031035636,5.017279836814924,0.0,0.0,26176.0,26176.0,26251.974025974025,26516.155844155845,0.0,0.0,20000.0
8400206,2027-03-27,46176.0,20000.0,26176.0,77.0,0.00743,10.172636441606745,0.0,1.0811445956277188,5.017279836814924,1.37147927533475,5.017279836814924,0.0,0.0,0.0,0.0,26176.0,26176.0,26250.025974025975,26506.74025974026,0.0,0.0,20000.0
8400206,2027-03-28,46176.0,20000.0,26176.0,77.0,0.00743,10.172636441606745,0.0,1.0811445956277188,5.017279836814924,1.37147927533475,5.017279836814924,0.0,0.0,0.0,0.0,26176.0,26176.0,26248.077922077922,26497.324675324675,0.0,0.0,20000.0
8400206,2027-03-29,46176.0,20000.0,26176.0,77.0,0.00743,10.172636441606745,0.0,1.0811445956277188,5.017279836814924,1.37147927533475,5.017279836814924,0.0,0.0,0.0,0.0,26176.0,26176.0,26246.12987012987,26487.909090909092,0.0,0.0,20000.0
8400206,2027-03-30,46176.0,20000.0,26176.0,77.0,0.00743,10.172636441606745,0.0,1.0811445956277188,5.017279836814924,1.37147927533475,5.017279836814924,0.0,0.0,0.0,0.0,26176.0,26176.0,26244.18181818182,26478.883116883117,0.0,0.0,20000.0
8400206,2027-03-31,46176.0,20000.0,26176.0,77.0,0.00743,10.172636441606745,0.0,1.0811445956277188,5.017279836814924,1.37147927533475,5.017279836814924,0.0,0.0,0.0,0.0,26176.0,26176.0,26242.233766233767,26469.85714285714,0.0,0.0,20000.0
8400206,2027-04-01,46176.0,20000.0,26176.0,77.0,0.00743,10.172636441606745,0.0,1.0811445956277188,5.017279836814924,1.37147927533475,5.017279836814924,0.0,0.0,0.0,0.0,26176.0,26176.0,26240.285714285714,26460.83116883117,0.0,0.0,20000.0
8400206,2027-04-02,46176.0,20000.0,26176.0,77.0,0.00743,10.172636441606745,0.0,1.0811445956277188,5.017279836814924,1.37147927533475,5.017279836814924,0.0,0.0,0.0,0.0,26176.0,26176.0,26238.33766233766,26452.0,0.0,0.0,20000.0
8400206,2027-04-03,46176.0,20000.0,26176.0,77.0,0.00743,10.172636441606745,0.0,1.0811445956277188,5.017279836814924,1.37147927533475,5.017279836814924,0.0,0.0,0.0,0.0,26176.0,26176.0,26236.38961038961,26443.16883116883,0.0,0.0,20000.0
8400206,2027-04-04,46176.0,20000.0,26176.0,77.0,0.00743,10.172636441606745,0.0,1.0811445956277188,5.017279836814924,1.37147927533475,5.017279836814924,0.0,0.0,0.0,0.0,26176.0,26176.0,26234.44155844156,26434.33766233766,0.0,0.0,20000.0
8400206,2027-04-05,46176.0,20000.0,26176.0,77.0,0.00743,10.172636441606745,0.0,1.0811445956277188,5.017279836814924,1.37147927533475,5.017279836814924,0.0,0.0,0.0,0.0,26176.0,26176.0,26232.493506493505,26425.506493506495,0.0,0.0,20000.0
8400206,2027-04-06,46176.0,20000.0,26176.0,77.0,0.00743,10.172636441606745,0.0,1.0811445956277188,5.017279836814924,1.37147927533475,5.017279836814924,0.0,0.0,0.0,0.0,26176.0,26176.0,26230.545454545456,26417.064935064936,0.0,0.0,20000.0
8400206,2027-04-07,46176.0,20000.0,26176.0,77.0,0.00743,10.172636441606745,0.0,1.0811445956277188,5.017279836814924,1.37147927533475,5.017279836814924,0.0,0.0,0.0,0.0,26176.0,26176.0,26228.597402597403,26408.623376623378,0.0,0.0,20000.0
8400206,2027-04-08,46176.0,20000.0,26176.0,77.0,0.00743,10.172636441606745,0.0,1.0811445956277188,5.017279836814924,1.37147927533475,5.017279836814924,0.0,0.0,0.0,0.0,26176.0,26176.0,26226.64935064935,26400.18181818182,0.0,0.0,20000.0
8400206,2027-04-09,46176.0,20000.0,26176.0,77.0,0.00743,10.172636441606745,0.0,1.0811445956277188,5.017279836814924,0.0,0.0,0.0,0.0,0.0,0.0,26176.0,26176.0,26224.7012987013,26391.935064935064,0.0,0.0,20000.0
8400206,2027-04-10,46176.0,20000.0,26176.0,77.0,0.00743,10.172636441606745,0.0,1.0811445956277188,5.017279836814924,0.0,0.0,0.0,0.0,0.0,0.0,26176.0,26176.0,26222.753246753247,26383.68831168831,0.0,0.0,20000.0
8400206,2027-04-11,46176.0,20000.0,26176.0,77.0,0.00743,10.172636441606745,0.0,1.0811445956277188,5.017279836814924,0.0,0.0,0.0,0.0,0.0,0.0,26176.0,26176.0,26220.805194805194,26375.44155844156,0.0,0.0,20000.0
8400206,2027-04-12,46176.0,20000.0,26176.0,77.0,0.00743,10.172636441606745,0.0,1.0811445956277188,5.017279836814924,0.0,0.0,0.0,0.0,0.0,0.0,26176.0,26176.0,26218.85714285714,26367.194805194806,0.0,0.0,20000.0
8400206,2027-04-13,46176.0,20000.0,26176.0,77.0,0.00743,10.172636441606745,0.0,1.0811445956277188,5.017279836814924,0.0,0.0,0.0,0.0,0.0,0.0,26176.0,26176.0,26216.909090909092,26359.33766233766,0.0,0.0,20000.0
8400206,2027-04-14,46176.0,20000.0,26176.0,77.0,0.00743,10.172636441606745,0.0,1.0811445956277188,5.017279836814924,0.0,0.0,0.0,0.0,0.0,0.0,26176.0,26176.0,26214.96103896104,26351.48051948052,0.0,0.0,20000.0
8400206,2027-04-15,46176.0,20000.0,26176.0,77.0,0.00743,10.172636441606745,0.0,1.0811445956277188,5.017279836814924,0.0,0.0,0.0,0.0,0.0,0.0,26176.0,26176.0,26213.012987012986,26345.025974025975,0.0,0.0,20000.0
8400206,2027-04-16,46176.0,20000.0,26176.0,77.0,0.00743,10.172636441606745,0.0,1.0811445956277188,5.017279836814924,0.0,0.0,0.0,0.0,0.0,0.0,26176.0,26176.0,26211.064935064936,26340.584415584417,0.0,0.0,20000.0
8400206,2027-04-17,46176.0,20000.0,26176.0,77.0,0.00743,10.172636441606745,0.0,1.0811445956277188,5.017279836814924,0.0,0.0,0.0,0.0,0.0,0.0,26176.0,26176.0,26209.116883116883,26336.14285714286,0.0,0.0,20000.0
8400206,2027-04-18,46176.0,20000.0,26176.0,77.0,0.00743,10.172636441606745,0.0,1.0811445956277188,5.017279836814924,0.0,0.0,0.0,0.0,0.0,0.0,26176.0,26176.0,26207.16883116883,26331.7012987013,0.0,0.0,20000.0
8400206,2027-04-19,46176.0,20000.0,26176.0,77.0,0.00743,10.172636441606745,0.0,1.0811445956277188,5.017279836814924,0.0,0.0,0.0,0.0,0.0,0.0,26176.0,26176.0,26205.22077922078,26327.25974025974,0.0,0.0,20000.0
8400206,2027-04-20,46176.0,20000.0,26176.0,77.0,0.00743,10.172636441606745,0.0,1.0811445956277188,5.017279836814924,0.0,0.0,0.0,0.0,0.0,0.0,26176.0,26176.0,26203.272727272728,26322.81818181818,0.0,0.0,20000.0
8400206,2027-04-21,46176.0,20000.0,26176.0,77.0,0.00743,10.172636441606745,0.0,1.0811445956277188,5.017279836814924,0.0,0.0,0.0,0.0,0.0,0.0,26176.0,26176.0,26201.324675324675,26318.376623376622,0.0,0.0,20000.0
8400206,2027-04-22,46176.0,20000.0,26176.0,77.0,0.00743,10.172636441606745,0.0,1.0811445956277188,5.017279836814924,0.0,0.0,0.0,0.0,0.0,0.0,26176.0,26176.0,26199.376623376622,26313.935064935064,0.0,0.0,20000.0
8400206,2027-04-23,46176.0,20000.0,26176.0,77.0,0.00743,10.172636441606745,0.0,1.0811445956277188,5.017279836814924,0.0,0.0,0.0,0.0,0.0,0.0,26176.0,26176.0,26197.428571428572,26309.493506493505,0.0,0.0,20000.0
8400206,2027-04-24,46176.0,20000.0,26176.0,77.0,0.00743,10.172636441606745,0.0,1.0811445956277188,5.017279836814924,0.0,0.0,0.0,0.0,0.0,0.0,26176.0,26176.0,26195.48051948052,26305.44155844156,0.0,0.0,20000.0
8400206,2027-04-25,46176.0,20000.0,26176.0,77.0,0.00743,10.172636441606745,0.0,1.0811445956277188,5.017279836814924,0.0,0.0,0.0,0.0,0.0,0.0,26176.0,26176.0,26193.532467532466,26301.38961038961,0.0,0.0,20000.0
8400206,2027-04-26,46176.0,20000.0,26176.0,77.0,0.00743,10.172636441606745,0.0,1.0811445956277188,5.017279836814924,0.0,0.0,0.0,0.0,0.0,0.0,26176.0,26176.0,26191.584415584417,26297.33766233766,0.0,0.0,20000.0
8400206,2027-04-27,46176.0,20000.0,26176.0,77.0,0.00743,10.172636441606745,0.0,1.0811445956277188,5.017279836814924,0.0,0.0,0.0,0.0,0.0,0.0,26176.0,26176.0,26189.636363636364,26293.285714285714,0.0,0.0,20000.0
8400206,2027-04-28,46176.0,20000.0,26176.0,77.0,0.00743,10.172636441606745,0.0,1.0811445956277188,5.017279836814924,0.0,0.0,0.0,0.0,0.0,0.0,26176.0,26176.0,26187.68831168831,26289.883116883117,0.0,0.0,20000.0
8400206,2027-04-29,46176.0,20000.0,26176.0,77.0,0.00743,10.172636441606745,0.0,1.0811445956277188,5.017279836814924,0.0,0.0,0.0,0.0,0.0,0.0,26176.0,26176.0,26185.74025974026,26286.48051948052,0.0,0.0,20000.0
8400206,2027-04-30,46176.0,20000.0,26176.0,77.0,0.00743,10.172636441606745,0.0,1.0811445956277188,5.017279836814924,0.0,0.0,0.0,0.0,0.0,0.0,26176.0,26176.0,26183.79220779221,26283.077922077922,0.0,0.0,20000.0
8400206,2027-05-01,46176.0,20000.0,26176.0,77.0,0.00743,10.172636441606745,0.0,1.0811445956277188,5.017279836814924,0.0,0.0,0.0,0.0,0.0,0.0,26176.0,26176.0,26181.844155844155,26280.012987012986,0.0,0.0,20000.0
8400206,2027-05-02,46176.0,20000.0,26176.0,77.0,0.00743,10.172636441606745,0.0,1.0811445956277188,5.017279836814924,0.0,0.0,0.0,0.0,0.0,0.0,26176.0,26176.0,26179.896103896102,26276.948051948053,0.0,0.0,20000.0
8400206,2027-05-03,46176.0,20000.0,26176.0,77.0,0.00743,10.172636441606745,0.0,1.0811445956277188,5.017279836814924,0.0,0.0,0.0,0.0,0.0,0.0,26176.0,26176.0,26177.948051948053,26273.883116883117,0.0,0.0,20000.0
8400206,2027-05-04,46176.0,20000.0,26176.0,77.0,0.00743,10.172636441606745,0.0,1.0811445956277188,5.017279836814924,0.0,0.0,0.0,0.0,0.0,0.0,26176.0,26176.0,26176.0,26270.81818181818,0.0,0.0,20000.0
8400206,2027-05-05,46176.0,20000.0,26176.0,77.0,0.00743,10.172636441606745,0.0,0.0,0.0,0.0,0.0,0.0,0.0,0.0,0.0,26176.0,26176.0,26176.0,26267.753246753247,0.0,0.0,20000.0
8400206,2027-05-06,46176.0,20000.0,26176.0,77.0,0.00743,10.172636441606745,0.0,0.0,0.0,0.0,0.0,0.0,0.0,0.0,0.0,26176.0,26176.0,26176.0,26264.68831168831,0.0,0.0,20000.0
8400206,2027-05-07,46176.0,20000.0,26176.0,77.0,0.00743,10.172636441606745,0.0,0.0,0.0,0.0,0.0,0.0,0.0,0.0,0.0,26176.0,26176.0,26176.0,26261.623376623378,0.0,0.0,20000.0
8400206,2027-05-08,46176.0,20000.0,26176.0,77.0,0.00743,10.172636441606745,0.0,0.0,0.0,0.0,0.0,0.0,0.0,0.0,0.0,26176.0,26176.0,26176.0,26258.55844155844,0.0,0.0,20000.0
8400206,2027-05-09,46176.0,20000.0,26176.0,77.0,0.00743,10.172636441606745,0.0,0.0,0.0,0.0,0.0,0.0,0.0,0.0,0.0,26176.0,26176.0,26176.0,26255.493506493505,0.0,0.0,20000.0
8400206,2027-05-10,46176.0,20000.0,26176.0,77.0,0.00743,10.172636441606745,0.0,0.0,0.0,0.0,0.0,0.0,0.0,0.0,0.0,26176.0,26176.0,26176.0,26252.428571428572,0.0,0.0,20000.0
8400206,2027-05-11,46176.0,20000.0,26176.0,77.0,0.00743,10.172636441606745,0.0,0.0,0.0,0.0,0.0,0.0,0.0,0.0,0.0,26176.0,26176.0,26176.0,26249.363636363636,0.0,0.0,20000.0
8400206,2027-05-12,46176.0,20000.0,26176.0,77.0,0.00743,10.172636441606745,0.0,0.0,0.0,0.0,0.0,0.0,0.0,0.0,0.0,26176.0,26176.0,26176.0,26247.896103896102,0.0,0.0,20000.0
8400206,2027-05-13,46176.0,20000.0,26176.0,77.0,0.00743,10.172636441606745,0.0,0.0,0.0,0.0,0.0,0.0,0.0,0.0,0.0,26176.0,26176.0,26176.0,26246.428571428572,0.0,0.0,20000.0
8400206,2027-05-14,46176.0,20000.0,26176.0,77.0,0.00743,10.172636441606745,0.0,0.0,0.0,0.0,0.0,0.0,0.0,0.0,0.0,26176.0,26176.0,26176.0,26244.96103896104,0.0,0.0,20000.0
8400206,2027-05-15,46176.0,20000.0,26176.0,77.0,0.00743,10.172636441606745,0.0,0.0,0.0,0.0,0.0,0.0,0.0,0.0,0.0,26176.0,26176.0,26176.0,26243.493506493505,0.0,0.0,20000.0
8400206,2027-05-16,46176.0,20000.0,26176.0,77.0,0.00743,10.172636441606745,0.0,0.0,0.0,0.0,0.0,0.0,0.0,0.0,0.0,26176.0,26176.0,26176.0,26242.025974025975,0.0,0.0,20000.0
8400206,2027-05-17,46176.0,20000.0,26176.0,77.0,0.00743,10.172636441606745,0.0,0.0,0.0,0.0,0.0,0.0,0.0,0.0,0.0,26176.0,26176.0,26176.0,26240.55844155844,0.0,0.0,20000.0
8400206,2027-05-18,46176.0,20000.0,26176.0,77.0,0.00743,10.172636441606745,0.0,0.0,0.0,0.0,0.0,0.0,0.0,0.0,0.0,26176.0,26176.0,26176.0,26239.090909090908,0.0,0.0,20000.0
8400206,2027-05-19,46176.0,20000.0,26176.0,77.0,0.00743,10.172636441606745,0.0,0.0,0.0,0.0,0.0,0.0,0.0,0.0,0.0,26176.0,26176.0,26176.0,26237.87012987013,0.0,0.0,20000.0
8400206,2027-05-20,46176.0,20000.0,26176.0,77.0,0.00743,10.172636441606745,0.0,0.0,0.0,0.0,0.0,0.0,0.0,0.0,0.0,26176.0,26176.0,26176.0,26236.64935064935,0.0,0.0,20000.0
8400206,2027-05-21,46176.0,20000.0,26176.0,77.0,0.00743,10.172636441606745,0.0,0.0,0.0,0.0,0.0,0.0,0.0,0.0,0.0,26176.0,26176.0,26176.0,26235.428571428572,0.0,0.0,20000.0
8400206,2027-05-22,46176.0,20000.0,26176.0,77.0,0.00743,10.172636441606745,0.0,0.0,0.0,0.0,0.0,0.0,0.0,0.0,0.0,26176.0,26176.0,26176.0,26234.20779220779,0.0,0.0,20000.0
8400206,2027-05-23,46176.0,20000.0,26176.0,77.0,0.00743,10.172636441606745,0.0,0.0,0.0,0.0,0.0,0.0,0.0,0.0,0.0,26176.0,26176.0,26176.0,26232.987012987014,0.0,0.0,20000.0
8400206,2027-05-24,46176.0,20000.0,26176.0,77.0,0.00743,10.172636441606745,0.0,0.0,0.0,0.0,0.0,0.0,0.0,0.0,0.0,26176.0,26176.0,26176.0,26231.766233766233,0.0,0.0,20000.0
8400206,2027-05-25,46176.0,20000.0,26176.0,77.0,0.00743,10.172636441606745,0.0,0.0,0.0,0.0,0.0,0.0,0.0,0.0,0.0,26176.0,26176.0,26176.0,26230.545454545456,0.0,0.0,20000.0
8400206,2027-05-26,46176.0,20000.0,26176.0,77.0,0.00743,10.172636441606745,0.0,0.0,0.0,0.0,0.0,0.0,0.0,0.0,0.0,26176.0,26176.0,26176.0,26229.571428571428,0.0,0.0,20000.0
8400206,2027-05-27,46176.0,20000.0,26176.0,77.0,0.00743,10.172636441606745,0.0,0.0,0.0,0.0,0.0,0.0,0.0,0.0,0.0,26176.0,26176.0,26176.0,26228.597402597403,0.0,0.0,20000.0
8400206,2027-05-28,46176.0,20000.0,26176.0,77.0,0.00743,10.172636441606745,0.0,0.0,0.0,0.0,0.0,0.0,0.0,0.0,0.0,26176.0,26176.0,26176.0,26227.623376623378,0.0,0.0,20000.0
8400206,2027-05-29,46176.0,20000.0,26176.0,77.0,0.00743,10.172636441606745,0.0,0.0,0.0,0.0,0.0,0.0,0.0,0.0,0.0,26176.0,26176.0,26176.0,26226.64935064935,0.0,0.0,20000.0
8400206,2027-05-30,46176.0,20000.0,26176.0,77.0,0.00743,10.172636441606745,0.0,0.0,0.0,0.0,0.0,0.0,0.0,0.0,0.0,26176.0,26176.0,26176.0,26225.675324675325,0.0,0.0,20000.0
8400206,2027-05-31,46176.0,20000.0,26176.0,77.0,0.00743,10.172636441606745,0.0,0.0,0.0,0.0,0.0,0.0,0.0,0.0,0.0,26176.0,26176.0,26176.0,26224.7012987013,0.0,0.0,20000.0
8400206,2027-06-01,46176.0,20000.0,26176.0,77.0,0.00743,10.172636441606745,0.0,0.0,0.0,0.0,0.0,0.0,0.0,0.0,0.0,26176.0,26176.0,26176.0,26223.727272727272,0.0,0.0,20000.0
8400206,2027-06-02,46176.0,20000.0,26176.0,77.0,0.00743,10.172636441606745,0.0,0.0,0.0,0.0,0.0,0.0,0.0,0.0,0.0,26176.0,26176.0,26176.0,26222.753246753247,0.0,0.0,20000.0
8400206,2027-06-03,46176.0,20000.0,26176.0,77.0,0.00743,10.172636441606745,0.0,0.0,0.0,0.0,0.0,0.0,0.0,0.0,0.0,26176.0,26176.0,26176.0,26221.77922077922,0.0,0.0,20000.0
8400206,2027-06-04,46176.0,20000.0,26176.0,77.0,0.00743,10.172636441606745,0.0,0.0,0.0,0.0,0.0,0.0,0.0,0.0,0.0,26176.0,26176.0,26176.0,26220.805194805194,0.0,0.0,20000.0
8400206,2027-06-05,46176.0,20000.0,26176.0,77.0,0.00743,10.172636441606745,0.0,0.0,0.0,0.0,0.0,0.0,0.0,0.0,0.0,26176.0,26176.0,26176.0,26219.83116883117,0.0,0.0,20000.0
8400206,2027-06-06,46176.0,20000.0,26176.0,77.0,0.00743,10.172636441606745,0.0,0.0,0.0,0.0,0.0,0.0,0.0,0.0,0.0,26176.0,26176.0,26176.0,26218.85714285714,0.0,0.0,20000.0
8400206,2027-06-07,46176.0,20000.0,26176.0,77.0,0.00743,10.172636441606745,0.0,0.0,0.0,0.0,0.0,0.0,0.0,0.0,0.0,26176.0,26176.0,26176.0,26217.883116883117,0.0,0.0,20000.0
8400206,2027-06-08,46176.0,20000.0,26176.0,77.0,0.00743,10.172636441606745,0.0,0.0,0.0,0.0,0.0,0.0,0.0,0.0,0.0,26176.0,26176.0,26176.0,26216.909090909092,0.0,0.0,20000.0
8400206,2027-06-09,46176.0,20000.0,26176.0,77.0,0.00743,10.172636441606745,0.0,0.0,0.0,0.0,0.0,0.0,0.0,0.0,0.0,26176.0,26176.0,26176.0,26215.935064935064,0.0,0.0,20000.0
8400206,2027-06-10,46176.0,20000.0,26176.0,77.0,0.00743,10.172636441606745,0.0,0.0,0.0,0.0,0.0,0.0,0.0,0.0,0.0,26176.0,26176.0,26176.0,26214.96103896104,0.0,0.0,20000.0
8400206,2027-06-11,46176.0,20000.0,26176.0,77.0,0.00743,10.172636441606745,0.0,0.0,0.0,0.0,0.0,0.0,0.0,0.0,0.0,26176.0,26176.0,26176.0,26213.987012987014,0.0,0.0,20000.0
8400206,2027-06-12,46176.0,20000.0,26176.0,77.0,0.00743,10.172636441606745,0.0,0.0,0.0,0.0,0.0,0.0,0.0,0.0,0.0,26176.0,26176.0,26176.0,26213.012987012986,0.0,0.0,20000.0
8400206,2027-06-13,46176.0,20000.0,26176.0,77.0,0.00743,10.172636441606745,0.0,0.0,0.0,0.0,0.0,0.0,0.0,0.0,0.0,26176.0,26176.0,26176.0,26212.03896103896,0.0,0.0,20000.0
8400206,2027-06-14,46176.0,20000.0,26176.0,77.0,0.00743,10.172636441606745,0.0,0.0,0.0,0.0,0.0,0.0,0.0,0.0,0.0,26176.0,26176.0,26176.0,26211.064935064936,0.0,0.0,20000.0
8400206,2027-06-15,46176.0,20000.0,26176.0,77.0,0.00743,10.172636441606745,0.0,0.0,0.0,0.0,0.0,0.0,0.0,0.0,0.0,26176.0,26176.0,26176.0,26210.090909090908,0.0,0.0,20000.0
8400206,2027-06-16,46176.0,20000.0,26176.0,77.0,0.00743,10.172636441606745,0.0,0.0,0.0,0.0,0.0,0.0,0.0,0.0,0.0,26176.0,26176.0,26176.0,26209.116883116883,0.0,0.0,20000.0
8400206,2027-06-17,46176.0,20000.0,26176.0,77.0,0.00743,10.172636441606745,0.0,0.0,0.0,0.0,0.0,0.0,0.0,0.0,0.0,26176.0,26176.0,26176.0,26208.14285714286,0.0,0.0,20000.0
8400206,2027-06-18,46176.0,20000.0,26176.0,77.0,0.00743,10.172636441606745,0.0,0.0,0.0,0.0,0.0,0.0,0.0,0.0,0.0,26176.0,26176.0,26176.0,26207.16883116883,0.0,0.0,20000.0
8400206,2027-06-19,46176.0,20000.0,26176.0,77.0,0.00743,10.172636441606745,0.0,0.0,0.0,0.0,0.0,0.0,0.0,0.0,0.0,26176.0,26176.0,26176.0,26206.194805194806,0.0,0.0,20000.0
8400206,2027-06-20,46176.0,20000.0,26176.0,77.0,0.00743,10.172636441606745,0.0,0.0,0.0,0.0,0.0,0.0,0.0,0.0,0.0,26176.0,26176.0,26176.0,26205.22077922078,0.0,0.0,20000.0
8400206,2027-06-21,46176.0,20000.0,26176.0,77.0,0.00743,10.172636441606745,0.0,0.0,0.0,0.0,0.0,0.0,0.0,0.0,0.0,26176.0,26176.0,26176.0,26204.246753246753,0.0,0.0,20000.0
8400206,2027-06-22,46176.0,20000.0,26176.0,77.0,0.00743,10.172636441606745,0.0,0.0,0.0,0.0,0.0,0.0,0.0,0.0,0.0,26176.0,26176.0,26176.0,26203.272727272728,0.0,0.0,20000.0
8400206,2027-06-23,46176.0,20000.0,26176.0,77.0,0.00743,10.172636441606745,0.0,0.0,0.0,0.0,0.0,0.0,0.0,0.0,0.0,26176.0,26176.0,26176.0,26202.2987012987,0.0,0.0,20000.0
8400206,2027-06-24,46176.0,20000.0,26176.0,77.0,0.00743,10.172636441606745,0.0,0.0,0.0,0.0,0.0,0.0,0.0,0.0,0.0,26176.0,26176.0,26176.0,26201.324675324675,0.0,0.0,20000.0
8400206,2027-06-25,46176.0,20000.0,26176.0,77.0,0.00743,10.172636441606745,0.0,0.0,0.0,0.0,0.0,0.0,0.0,0.0,0.0,26176.0,26176.0,26176.0,26200.35064935065,0.0,0.0,20000.0
8400206,2027-06-26,46176.0,20000.0,26176.0,77.0,0.00743,10.172636441606745,0.0,0.0,0.0,0.0,0.0,0.0,0.0,0.0,0.0,26176.0,26176.0,26176.0,26199.376623376622,0.0,0.0,20000.0
8400206,2027-06-27,46176.0,20000.0,26176.0,77.0,0.00743,10.172636441606745,0.0,0.0,0.0,0.0,0.0,0.0,0.0,0.0,0.0,26176.0,26176.0,26176.0,26198.402597402597,0.0,0.0,20000.0
8400206,2027-06-28,46176.0,20000.0,26176.0,77.0,0.00743,10.172636441606745,0.0,0.0,0.0,0.0,0.0,0.0,0.0,0.0,0.0,26176.0,26176.0,26176.0,26197.428571428572,0.0,0.0,20000.0
8400206,2027-06-29,46176.0,20000.0,26176.0,77.0,0.00743,10.172636441606745,0.0,0.0,0.0,0.0,0.0,0.0,0.0,0.0,0.0,26176.0,26176.0,26176.0,26196.454545454544,0.0,0.0,20000.0
8400206,2027-06-30,46176.0,20000.0,26176.0,77.0,0.00743,10.172636441606745,0.0,0.0,0.0,0.0,0.0,0.0,0.0,0.0,0.0,26176.0,26176.0,26176.0,26195.48051948052,0.0,0.0,20000.0
8400206,2027-07-01,46176.0,20000.0,26176.0,77.0,0.00743,10.172636441606745,0.0,0.0,0.0,0.0,0.0,0.0,0.0,0.0,0.0,26176.0,26176.0,26176.0,26194.506493506495,0.0,0.0,20000.0
8400206,2027-07-02,46176.0,20000.0,26176.0,77.0,0.00743,10.172636441606745,0.0,0.0,0.0,0.0,0.0,0.0,0.0,0.0,0.0,26176.0,26176.0,26176.0,26193.532467532466,0.0,0.0,20000.0
8400206,2027-07-03,46176.0,20000.0,26176.0,77.0,0.00743,10.172636441606745,0.0,0.0,0.0,0.0,0.0,0.0,0.0,0.0,0.0,26176.0,26176.0,26176.0,26192.55844155844,0.0,0.0,20000.0
8400206,2027-07-04,46176.0,20000.0,26176.0,77.0,0.00743,10.172636441606745,0.0,0.0,0.0,0.0,0.0,0.0,0.0,0.0,0.0,26176.0,26176.0,26176.0,26191.584415584417,0.0,0.0,20000.0
8400206,2027-07-05,46176.0,20000.0,26176.0,77.0,0.00743,10.172636441606745,0.0,0.0,0.0,0.0,0.0,0.0,0.0,0.0,0.0,26176.0,26176.0,26176.0,26190.61038961039,0.0,0.0,20000.0
8400206,2027-07-06,46176.0,20000.0,26176.0,77.0,0.00743,10.172636441606745,0.0,0.0,0.0,0.0,0.0,0.0,0.0,0.0,0.0,26176.0,26176.0,26176.0,26189.636363636364,0.0,0.0,20000.0
8400206,2027-07-07,46176.0,20000.0,26176.0,77.0,0.00743,10.172636441606745,0.0,0.0,0.0,0.0,0.0,0.0,0.0,0.0,0.0,26176.0,26176.0,26176.0,26188.66233766234,0.0,0.0,20000.0
8400206,2027-07-08,46176.0,20000.0,26176.0,77.0,0.00743,10.172636441606745,0.0,0.0,0.0,0.0,0.0,0.0,0.0,0.0,0.0,26176.0,26176.0,26176.0,26187.68831168831,0.0,0.0,20000.0
8400206,2027-07-09,46176.0,20000.0,26176.0,77.0,0.00743,10.172636441606745,0.0,0.0,0.0,0.0,0.0,0.0,0.0,0.0,0.0,26176.0,26176.0,26176.0,26186.714285714286,0.0,0.0,20000.0
8400206,2027-07-10,46176.0,20000.0,26176.0,77.0,0.00743,10.172636441606745,0.0,0.0,0.0,0.0,0.0,0.0,0.0,0.0,0.0,26176.0,26176.0,26176.0,26185.74025974026,0.0,0.0,20000.0
8400206,2027-07-11,46176.0,20000.0,26176.0,77.0,0.00743,10.172636441606745,0.0,0.0,0.0,0.0,0.0,0.0,0.0,0.0,0.0,26176.0,26176.0,26176.0,26184.766233766233,0.0,0.0,20000.0
8400206,2027-07-12,46176.0,20000.0,26176.0,77.0,0.00743,10.172636441606745,0.0,0.0,0.0,0.0,0.0,0.0,0.0,0.0,0.0,26176.0,26176.0,26176.0,26183.79220779221,0.0,0.0,20000.0
8400206,2027-07-13,46176.0,20000.0,26176.0,77.0,0.00743,10.172636441606745,0.0,0.0,0.0,0.0,0.0,0.0,0.0,0.0,0.0,26176.0,26176.0,26176.0,26182.81818181818,0.0,0.0,20000.0
8400206,2027-07-14,46176.0,20000.0,26176.0,77.0,0.00743,10.172636441606745,0.0,0.0,0.0,0.0,0.0,0.0,0.0,0.0,0.0,26176.0,26176.0,26176.0,26181.844155844155,0.0,0.0,20000.0
8400206,2027-07-15,46176.0,20000.0,26176.0,77.0,0.00743,10.172636441606745,0.0,0.0,0.0,0.0,0.0,0.0,0.0,0.0,0.0,26176.0,26176.0,26176.0,26180.87012987013,0.0,0.0,20000.0
8400206,2027-07-16,46176.0,20000.0,26176.0,77.0,0.00743,10.172636441606745,0.0,0.0,0.0,0.0,0.0,0.0,0.0,0.0,0.0,26176.0,26176.0,26176.0,26179.896103896102,0.0,0.0,20000.0
8400206,2027-07-17,46176.0,20000.0,26176.0,77.0,0.00743,10.172636441606745,0.0,0.0,0.0,0.0,0.0,0.0,0.0,0.0,0.0,26176.0,26176.0,26176.0,26178.922077922078,0.0,0.0,20000.0
8400206,2027-07-18,46176.0,20000.0,26176.0,77.0,0.00743,10.172636441606745,0.0,0.0,0.0,0.0,0.0,0.0,0.0,0.0,0.0,26176.0,26176.0,26176.0,26177.948051948053,0.0,0.0,20000.0
8400206,2027-07-19,46176.0,20000.0,26176.0,77.0,0.00743,10.172636441606745,0.0,0.0,0.0,0.0,0.0,0.0,0.0,0.0,0.0,26176.0,26176.0,26176.0,26176.974025974025,0.0,0.0,20000.0
8400206,2027-07-20,46176.0,20000.0,26176.0,77.0,0.00743,10.172636441606745,0.0,0.0,0.0,0.0,0.0,0.0,0.0,0.0,0.0,26176.0,26176.0,26176.0,26176.0,0.0,0.0,20000.0
8400206,2027-07-21,46176.0,20000.0,26176.0,77.0,0.00743,10.172636441606745,0.0,0.0,0.0,0.0,0.0,0.0,0.0,0.0,0.0,26176.0,26176.0,26176.0,26176.0,0.0,0.0,20000.0
8400206,2027-07-22,46176.0,20000.0,26176.0,77.0,0.00743,10.172636441606745,0.0,0.0,0.0,0.0,0.0,0.0,0.0,0.0,0.0,26176.0,26176.0,26176.0,26176.0,0.0,0.0,20000.0
8400206,2027-07-23,46176.0,20000.0,26176.0,77.0,0.00743,10.172636441606745,0.0,0.0,0.0,0.0,0.0,0.0,0.0,0.0,0.0,26176.0,26176.0,26176.0,26176.0,0.0,0.0,20000.0
8400206,2027-07-24,46176.0,20000.0,26176.0,77.0,0.00743,10.172636441606745,0.0,0.0,0.0,0.0,0.0,0.0,0.0,0.0,0.0,26176.0,26176.0,26176.0,26176.0,0.0,0.0,20000.0
8400206,2027-07-25,46176.0,20000.0,26176.0,77.0,0.00743,10.172636441606745,0.0,0.0,0.0,0.0,0.0,0.0,0.0,0.0,0.0,26176.0,26176.0,26176.0,26176.0,0.0,0.0,20000.0
8400206,2027-07-26,46176.0,20000.0,26176.0,77.0,0.00743,10.172636441606745,0.0,0.0,0.0,0.0,0.0,0.0,0.0,0.0,0.0,26176.0,26176.0,26176.0,26176.0,0.0,0.0,20000.0
8400206,2027-07-27,46176.0,20000.0,26176.0,77.0,0.00743,10.172636441606745,0.0,0.0,0.0,0.0,0.0,0.0,0.0,0.0,0.0,26176.0,26176.0,26176.0,26176.0,0.0,0.0,20000.0
8400206,2027-07-28,46176.0,20000.0,26176.0,77.0,0.00743,10.172636441606745,0.0,0.0,0.0,0.0,0.0,0.0,0.0,0.0,0.0,26176.0,26176.0,26176.0,26176.0,0.0,0.0,20000.0
8400206,2027-07-29,46176.0,20000.0,26176.0,77.0,0.00743,10.172636441606745,0.0,0.0,0.0,0.0,0.0,0.0,0.0,0.0,0.0,26176.0,26176.0,26176.0,26176.0,0.0,0.0,20000.0
8400206,2027-07-30,46176.0,20000.0,26176.0,77.0,0.00743,10.172636441606745,0.0,0.0,0.0,0.0,0.0,0.0,0.0,0.0,0.0,26176.0,26176.0,26176.0,26176.0,0.0,0.0,20000.0
8400206,2027-07-31,46176.0,20000.0,26176.0,77.0,0.00743,10.172636441606745,0.0,0.0,0.0,0.0,0.0,0.0,0.0,0.0,0.0,26176.0,26176.0,26176.0,26176.0,0.0,0.0,20000.0
8400206,2027-08-01,46176.0,20000.0,26176.0,77.0,0.00743,10.172636441606745,0.0,0.0,0.0,0.0,0.0,0.0,0.0,0.0,0.0,26176.0,26176.0,26176.0,26176.0,0.0,0.0,20000.0
8400206,2027-08-02,46176.0,20000.0,26176.0,77.0,0.00743,10.172636441606745,0.0,0.0,0.0,0.0,0.0,0.0,0.0,0.0,0.0,26176.0,26176.0,26176.0,26176.0,0.0,0.0,20000.0
8400206,2027-08-03,46176.0,20000.0,26176.0,77.0,0.00743,10.172636441606745,0.0,0.0,0.0,0.0,0.0,0.0,0.0,0.0,0.0,26176.0,26176.0,26176.0,26176.0,0.0,0.0,20000.0
8400206,2027-08-04,46176.0,20000.0,26176.0,77.0,0.00743,10.172636441606745,0.0,0.0,0.0,0.0,0.0,0.0,0.0,0.0,0.0,26176.0,26176.0,26176.0,26176.0,0.0,0.0,20000.0
8400206,2027-08-05,46176.0,20000.0,26176.0,77.0,0.00743,10.172636441606745,0.0,0.0,0.0,0.0,0.0,0.0,0.0,0.0,0.0,26176.0,26176.0,26176.0,26176.0,0.0,0.0,20000.0
8400206,2027-08-06,46176.0,20000.0,26176.0,77.0,0.00743,10.172636441606745,0.0,0.0,0.0,0.0,0.0,0.0,0.0,0.0,0.0,26176.0,26176.0,26176.0,26176.0,0.0,0.0,20000.0
8400206,2027-08-07,46176.0,20000.0,26176.0,77.0,0.00743,10.172636441606745,0.0,0.0,0.0,0.0,0.0,0.0,0.0,0.0,0.0,26176.0,26176.0,26176.0,26176.0,0.0,0.0,20000.0
8400206,2027-08-08,46176.0,20000.0,26176.0,77.0,0.00743,10.172636441606745,0.0,0.0,0.0,0.0,0.0,0.0,0.0,0.0,0.0,26176.0,26176.0,26176.0,26176.0,0.0,0.0,20000.0
8400206,2027-08-09,46176.0,20000.0,26176.0,77.0,0.00743,10.172636441606745,0.0,0.0,0.0,0.0,0.0,0.0,0.0,0.0,0.0,26176.0,26176.0,26176.0,26176.0,0.0,0.0,20000.0
8400206,2027-08-10,46176.0,20000.0,26176.0,77.0,0.00743,10.172636441606745,0.0,0.0,0.0,0.0,0.0,0.0,0.0,0.0,0.0,26176.0,26176.0,26176.0,26176.0,0.0,0.0,20000.0
8400206,2027-08-11,46176.0,20000.0,26176.0,77.0,0.00743,10.172636441606745,0.0,0.0,0.0,0.0,0.0,0.0,0.0,0.0,0.0,26176.0,26176.0,26176.0,26176.0,0.0,0.0,20000.0
8400206,2027-08-12,46176.0,20000.0,26176.0,77.0,0.00743,10.172636441606745,0.0,0.0,0.0,0.0,0.0,0.0,0.0,0.0,0.0,26176.0,26176.0,26176.0,26176.0,0.0,0.0,20000.0
8400206,2027-08-13,46176.0,20000.0,26176.0,77.0,0.00743,10.172636441606745,0.0,0.0,0.0,0.0,0.0,0.0,0.0,0.0,0.0,26176.0,26176.0,26176.0,26176.0,0.0,0.0,20000.0
8400206,2027-08-14,46176.0,20000.0,26176.0,77.0,0.00743,10.172636441606745,0.0,0.0,0.0,0.0,0.0,0.0,0.0,0.0,0.0,26176.0,26176.0,26176.0,26176.0,0.0,0.0,20000.0
8400206,2027-08-15,46176.0,20000.0,26176.0,77.0,0.00743,10.172636441606745,0.0,0.0,0.0,0.0,0.0,0.0,0.0,0.0,0.0,26176.0,26176.0,26176.0,26176.0,0.0,0.0,20000.0
8400206,2027-08-16,46176.0,20000.0,26176.0,77.0,0.00743,10.172636441606745,0.0,0.0,0.0,0.0,0.0,0.0,0.0,0.0,0.0,26176.0,26176.0,26176.0,26176.0,0.0,0.0,20000.0
8400206,2027-08-17,46176.0,20000.0,26176.0,77.0,0.00743,10.172636441606745,0.0,0.0,0.0,0.0,0.0,0.0,0.0,0.0,0.0,26176.0,26176.0,26176.0,26176.0,0.0,0.0,20000.0
8400206,2027-08-18,46176.0,20000.0,26176.0,77.0,0.00743,10.172636441606745,0.0,0.0,0.0,0.0,0.0,0.0,0.0,0.0,0.0,26176.0,26176.0,26176.0,26176.0,0.0,0.0,20000.0
8400206,2027-08-19,46176.0,20000.0,26176.0,77.0,0.00743,10.172636441606745,0.0,0.0,0.0,0.0,0.0,0.0,0.0,0.0,0.0,26176.0,26176.0,26176.0,26176.0,0.0,0.0,20000.0
8400206,2027-08-20,46176.0,20000.0,26176.0,77.0,0.00743,10.172636441606745,0.0,0.0,0.0,0.0,0.0,0.0,0.0,0.0,0.0,26176.0,26176.0,26176.0,26176.0,0.0,0.0,20000.0
8400206,2027-08-21,46176.0,20000.0,26176.0,77.0,0.00743,10.172636441606745,0.0,0.0,0.0,0.0,0.0,0.0,0.0,0.0,0.0,26176.0,26176.0,26176.0,26176.0,0.0,0.0,20000.0
8400206,2027-08-22,46176.0,20000.0,26176.0,77.0,0.00743,10.172636441606745,0.0,0.0,0.0,0.0,0.0,0.0,0.0,0.0,0.0,26176.0,26176.0,26176.0,26176.0,0.0,0.0,20000.0
8400206,2027-08-23,46176.0,20000.0,26176.0,77.0,0.00743,10.172636441606745,0.0,0.0,0.0,0.0,0.0,0.0,0.0,0.0,0.0,26176.0,26176.0,26176.0,26176.0,0.0,0.0,20000.0
8400206,2027-08-24,46176.0,20000.0,26176.0,77.0,0.00743,10.172636441606745,0.0,0.0,0.0,0.0,0.0,0.0,0.0,0.0,0.0,26176.0,26176.0,26176.0,26176.0,0.0,0.0,20000.0
8400206,2027-08-25,46176.0,20000.0,26176.0,77.0,0.00743,10.172636441606745,0.0,0.0,0.0,0.0,0.0,0.0,0.0,0.0,0.0,26176.0,26176.0,26176.0,26176.0,0.0,0.0,20000.0
8400206,2027-08-26,46176.0,20000.0,26176.0,77.0,0.00743,10.172636441606745,0.0,0.0,0.0,0.0,0.0,0.0,0.0,0.0,0.0,26176.0,26176.0,26176.0,26176.0,0.0,0.0,20000.0
8400206,2027-08-27,46176.0,20000.0,26176.0,77.0,0.00743,10.172636441606745,0.0,0.0,0.0,0.0,0.0,0.0,0.0,0.0,0.0,26176.0,26176.0,26176.0,26176.0,0.0,0.0,20000.0
8400206,2027-08-28,46176.0,20000.0,26176.0,77.0,0.00743,10.172636441606745,0.0,0.0,0.0,0.0,0.0,0.0,0.0,0.0,0.0,26176.0,26176.0,26176.0,26176.0,0.0,0.0,20000.0
8400206,2027-08-29,46176.0,20000.0,26176.0,77.0,0.00743,10.172636441606745,0.0,0.0,0.0,0.0,0.0,0.0,0.0,0.0,0.0,26176.0,26176.0,26176.0,26176.0,0.0,0.0,20000.0
8400206,2027-08-30,46176.0,20000.0,26176.0,77.0,0.00743,10.172636441606745,0.0,0.0,0.0,0.0,0.0,0.0,0.0,0.0,0.0,26176.0,26176.0,26176.0,26176.0,0.0,0.0,20000.0
8400206,2027-08-31,46176.0,20000.0,26176.0,77.0,0.00743,10.172636441606745,0.0,0.0,0.0,0.0,0.0,0.0,0.0,0.0,0.0,26176.0,26176.0,26176.0,26176.0,0.0,0.0,20000.0
8400206,2027-09-01,46176.0,20000.0,26176.0,77.0,0.00743,10.172636441606745,0.0,0.0,0.0,0.0,0.0,0.0,0.0,0.0,0.0,26176.0,26176.0,26176.0,26176.0,0.0,0.0,20000.0
8400206,2027-09-02,46176.0,20000.0,26176.0,77.0,0.00743,10.172636441606745,0.0,0.0,0.0,0.0,0.0,0.0,0.0,0.0,0.0,26176.0,26176.0,26176.0,26176.0,0.0,0.0,20000.0
8400206,2027-09-03,46176.0,20000.0,26176.0,77.0,0.00743,10.172636441606745,0.0,0.0,0.0,0.0,0.0,0.0,0.0,0.0,0.0,26176.0,26176.0,26176.0,26176.0,0.0,0.0,20000.0
8400206,2027-09-04,46176.0,20000.0,26176.0,77.0,0.00743,10.172636441606745,0.0,0.0,0.0,0.0,0.0,0.0,0.0,0.0,0.0,26176.0,26176.0,26176.0,26176.0,0.0,0.0,20000.0
8400206,2027-09-05,46176.0,20000.0,26176.0,77.0,0.00743,10.172636441606745,0.0,0.0,0.0,0.0,0.0,0.0,0.0,0.0,0.0,26176.0,26176.0,26176.0,26176.0,0.0,0.0,20000.0
8400206,2027-09-06,46176.0,20000.0,26176.0,77.0,0.00743,10.172636441606745,0.0,0.0,0.0,0.0,0.0,0.0,0.0,0.0,0.0,26176.0,26176.0,26176.0,26176.0,0.0,0.0,20000.0
8400206,2027-09-07,46176.0,20000.0,26176.0,77.0,0.00743,10.172636441606745,0.0,0.0,0.0,0.0,0.0,0.0,0.0,0.0,0.0,26176.0,26176.0,26176.0,26176.0,0.0,0.0,20000.0
8400206,2027-09-08,46176.0,20000.0,26176.0,77.0,0.00743,10.172636441606745,0.0,0.0,0.0,0.0,0.0,0.0,0.0,0.0,0.0,26176.0,26176.0,26176.0,26176.0,0.0,0.0,20000.0
8400206,2027-09-09,46176.0,20000.0,26176.0,77.0,0.00743,10.172636441606745,0.0,0.0,0.0,0.0,0.0,0.0,0.0,0.0,0.0,26176.0,26176.0,26176.0,26176.0,0.0,0.0,20000.0
8400206,2027-09-10,46176.0,20000.0,26176.0,77.0,0.00743,10.172636441606745,0.0,0.0,0.0,0.0,0.0,0.0,0.0,0.0,0.0,26176.0,26176.0,26176.0,26176.0,0.0,0.0,20000.0
8400206,2027-09-11,46176.0,20000.0,26176.0,77.0,0.00743,10.172636441606745,0.0,0.0,0.0,0.0,0.0,0.0,0.0,0.0,0.0,26176.0,26176.0,26176.0,26176.0,0.0,0.0,20000.0
8400206,2027-09-12,46176.0,20000.0,26176.0,77.0,0.00743,10.172636441606745,0.0,0.0,0.0,0.0,0.0,0.0,0.0,0.0,0.0,26176.0,26176.0,26176.0,26176.0,0.0,0.0,20000.0
8400206,2027-09-13,46176.0,20000.0,26176.0,77.0,0.00743,10.172636441606745,0.0,0.0,0.0,0.0,0.0,0.0,0.0,0.0,0.0,26176.0,26176.0,26176.0,26176.0,0.0,0.0,20000.0
8400206,2027-09-14,46176.0,20000.0,26176.0,77.0,0.00743,10.172636441606745,0.0,0.0,0.0,0.0,0.0,0.0,0.0,0.0,0.0,26176.0,26176.0,26176.0,26176.0,0.0,0.0,20000.0
8400206,2027-09-15,46176.0,20000.0,26176.0,77.0,0.00743,10.172636441606745,0.0,0.0,0.0,0.0,0.0,0.0,0.0,0.0,0.0,26176.0,26176.0,26176.0,26176.0,0.0,0.0,20000.0
8400206,2027-09-16,46176.0,20000.0,26176.0,77.0,0.00743,10.172636441606745,0.0,0.0,0.0,0.0,0.0,0.0,0.0,0.0,0.0,26176.0,26176.0,26176.0,26176.0,0.0,0.0,20000.0
8400206,2027-09-17,46176.0,20000.0,26176.0,77.0,0.00743,10.172636441606745,0.0,0.0,0.0,0.0,0.0,0.0,0.0,0.0,0.0,26176.0,26176.0,26176.0,26176.0,0.0,0.0,20000.0
8400206,2027-09-18,46176.0,20000.0,26176.0,77.0,0.00743,10.172636441606745,0.0,0.0,0.0,0.0,0.0,0.0,0.0,0.0,0.0,26176.0,26176.0,26176.0,26176.0,0.0,0.0,20000.0
8400206,2027-09-19,46176.0,20000.0,26176.0,77.0,0.00743,10.172636441606745,0.0,0.0,0.0,0.0,0.0,0.0,0.0,0.0,0.0,26176.0,26176.0,26176.0,26176.0,0.0,0.0,20000.0
8400206,2027-09-20,46176.0,20000.0,26176.0,77.0,0.00743,10.172636441606745,0.0,0.0,0.0,0.0,0.0,0.0,0.0,0.0,0.0,26176.0,26176.0,26176.0,26176.0,0.0,0.0,20000.0
8400206,2027-09-21,46176.0,20000.0,26176.0,77.0,0.00743,10.172636441606745,0.0,0.0,0.0,0.0,0.0,0.0,0.0,0.0,0.0,26176.0,26176.0,26176.0,26176.0,0.0,0.0,20000.0
8400206,2027-09-22,46176.0,20000.0,26176.0,77.0,0.00743,10.172636441606745,0.0,0.0,0.0,0.0,0.0,0.0,0.0,0.0,0.0,26176.0,26176.0,26176.0,26176.0,0.0,0.0,20000.0
8400206,2027-09-23,46176.0,20000.0,26176.0,77.0,0.00743,10.172636441606745,0.0,0.0,0.0,0.0,0.0,0.0,0.0,0.0,0.0,26176.0,26176.0,26176.0,26176.0,0.0,0.0,20000.0
8400206,2027-09-24,46176.0,20000.0,26176.0,77.0,0.00743,10.172636441606745,0.0,0.0,0.0,0.0,0.0,0.0,0.0,0.0,0.0,26176.0,26176.0,26176.0,26176.0,0.0,0.0,20000.0
8400206,2027-09-25,46176.0,20000.0,26176.0,77.0,0.00743,10.172636441606745,0.0,0.0,0.0,0.0,0.0,0.0,0.0,0.0,0.0,26176.0,26176.0,26176.0,26176.0,0.0,0.0,20000.0
8400206,2027-09-26,46176.0,20000.0,26176.0,77.0,0.00743,10.172636441606745,0.0,0.0,0.0,0.0,0.0,0.0,0.0,0.0,0.0,26176.0,26176.0,26176.0,26176.0,0.0,0.0,20000.0
8400206,2027-09-27,46176.0,20000.0,26176.0,77.0,0.00743,10.172636441606745,0.0,0.0,0.0,0.0,0.0,0.0,0.0,0.0,0.0,26176.0,26176.0,26176.0,26176.0,0.0,0.0,20000.0
8400206,2027-09-28,46176.0,20000.0,26176.0,77.0,0.00743,10.172636441606745,0.0,0.0,0.0,0.0,0.0,0.0,0.0,0.0,0.0,26176.0,26176.0,26176.0,26176.0,0.0,0.0,20000.0
8400206,2027-09-29,46176.0,20000.0,26176.0,77.0,0.00743,10.172636441606745,0.0,0.0,0.0,0.0,0.0,0.0,0.0,0.0,0.0,26176.0,26176.0,26176.0,26176.0,0.0,0.0,20000.0
8400206,2027-09-30,46176.0,20000.0,26176.0,77.0,0.00743,10.172636441606745,0.0,0.0,0.0,0.0,0.0,0.0,0.0,0.0,0.0,26176.0,26176.0,26176.0,26176.0,0.0,0.0,20000.0
8400206,2027-10-01,46176.0,20000.0,26176.0,77.0,0.00743,10.172636441606745,0.0,0.0,0.0,0.0,0.0,0.0,0.0,0.0,0.0,26176.0,26176.0,26176.0,26176.0,0.0,0.0,20000.0
8400206,2027-10-02,46176.0,20000.0,26176.0,77.0,0.00743,10.172636441606745,0.0,0.0,0.0,0.0,0.0,0.0,0.0,0.0,0.0,26176.0,26176.0,26176.0,26176.0,0.0,0.0,20000.0
8400206,2027-10-03,46176.0,20000.0,26176.0,77.0,0.00743,10.172636441606745,0.0,0.0,0.0,0.0,0.0,0.0,0.0,0.0,0.0,26176.0,26176.0,26176.0,26176.0,0.0,0.0,20000.0
8400206,2027-10-04,46176.0,20000.0,26176.0,77.0,0.00743,10.172636441606745,0.0,0.0,0.0,0.0,0.0,0.0,0.0,0.0,0.0,26176.0,26176.0,26176.0,26176.0,0.0,0.0,20000.0
8400206,2027-10-05,46176.0,20000.0,26176.0,77.0,0.00743,10.172636441606745,0.0,0.0,0.0,0.0,0.0,0.0,0.0,0.0,0.0,26176.0,26176.0,26176.0,26176.0,0.0,0.0,20000.0
8400206,2027-10-06,46176.0,20000.0,26176.0,77.0,0.00743,10.172636441606745,0.0,0.0,0.0,0.0,0.0,0.0,0.0,0.0,0.0,26176.0,26176.0,26176.0,26176.0,0.0,0.0,20000.0
8400206,2027-10-07,46176.0,20000.0,26176.0,77.0,0.00743,10.172636441606745,0.0,0.0,0.0,0.0,0.0,0.0,0.0,0.0,0.0,26176.0,26176.0,26176.0,26176.0,0.0,0.0,20000.0
8400206,2027-10-08,46176.0,20000.0,26176.0,77.0,0.00743,10.172636441606745,0.0,0.0,0.0,0.0,0.0,0.0,0.0,0.0,0.0,26176.0,26176.0,26176.0,26176.0,0.0,0.0,20000.0
8400206,2027-10-09,46176.0,20000.0,26176.0,77.0,0.00743,10.172636441606745,0.0,0.0,0.0,0.0,0.0,0.0,0.0,0.0,0.0,26176.0,26176.0,26176.0,26176.0,0.0,0.0,20000.0
8400206,2027-10-10,46176.0,20000.0,26176.0,77.0,0.00743,10.172636441606745,0.0,0.0,0.0,0.0,0.0,0.0,0.0,0.0,0.0,26176.0,26176.0,26176.0,26176.0,0.0,0.0,20000.0
8400206,2027-10-11,46176.0,20000.0,26176.0,77.0,0.00743,10.172636441606745,0.0,0.0,0.0,0.0,0.0,0.0,0.0,0.0,0.0,26176.0,26176.0,26176.0,26176.0,0.0,0.0,20000.0
8400206,2027-10-12,46176.0,20000.0,26176.0,77.0,0.00743,10.172636441606745,0.0,0.0,0.0,0.0,0.0,0.0,0.0,0.0,0.0,26176.0,26176.0,26176.0,26176.0,0.0,0.0,20000.0
8400206,2027-10-13,46176.0,20000.0,26176.0,77.0,0.00743,10.172636441606745,0.0,0.0,0.0,0.0,0.0,0.0,0.0,0.0,0.0,26176.0,26176.0,26176.0,26176.0,0.0,0.0,20000.0
8400206,2027-10-14,46176.0,20000.0,26176.0,77.0,0.00743,10.172636441606745,0.0,0.0,0.0,0.0,0.0,0.0,0.0,0.0,0.0,26176.0,26176.0,26176.0,26176.0,0.0,0.0,20000.0
8400206,2027-10-15,46176.0,20000.0,26176.0,77.0,0.00743,10.172636441606745,0.0,0.0,0.0,0.0,0.0,0.0,0.0,0.0,0.0,26176.0,26176.0,26176.0,26176.0,0.0,0.0,20000.0
8400206,2027-10-16,46176.0,20000.0,26176.0,77.0,0.00743,10.172636441606745,0.0,0.0,0.0,0.0,0.0,0.0,0.0,0.0,0.0,26176.0,26176.0,26176.0,26176.0,0.0,0.0,20000.0
8400206,2027-10-17,46176.0,20000.0,26176.0,77.0,0.00743,10.172636441606745,0.0,0.0,0.0,0.0,0.0,0.0,0.0,0.0,0.0,26176.0,26176.0,26176.0,26176.0,0.0,0.0,20000.0
8400206,2027-10-18,46176.0,20000.0,26176.0,77.0,0.00743,10.172636441606745,0.0,0.0,0.0,0.0,0.0,0.0,0.0,0.0,0.0,26176.0,26176.0,26176.0,26176.0,0.0,0.0,20000.0
8400206,2027-10-19,46176.0,20000.0,26176.0,77.0,0.00743,10.172636441606745,0.0,0.0,0.0,0.0,0.0,0.0,0.0,0.0,0.0,26176.0,26176.0,26176.0,26176.0,0.0,0.0,20000.0
8400206,2027-10-20,46176.0,20000.0,26176.0,77.0,0.00743,10.172636441606745,0.0,0.0,0.0,0.0,0.0,0.0,0.0,0.0,0.0,26176.0,26176.0,26176.0,26176.0,0.0,0.0,20000.0
8400206,2027-10-21,46176.0,20000.0,26176.0,77.0,0.00743,10.172636441606745,0.0,0.0,0.0,0.0,0.0,0.0,0.0,0.0,0.0,26176.0,26176.0,26176.0,26176.0,0.0,0.0,20000.0
8400206,2027-10-22,46176.0,20000.0,26176.0,77.0,0.00743,10.172636441606745,0.0,0.0,0.0,0.0,0.0,0.0,0.0,0.0,0.0,26176.0,26176.0,26176.0,26176.0,0.0,0.0,20000.0
8400206,2027-10-23,46176.0,20000.0,26176.0,77.0,0.00743,10.172636441606745,0.0,0.0,0.0,0.0,0.0,0.0,0.0,0.0,0.0,26176.0,26176.0,26176.0,26176.0,0.0,0.0,20000.0
8400206,2027-10-24,46176.0,20000.0,26176.0,77.0,0.00743,10.172636441606745,0.0,0.0,0.0,0.0,0.0,0.0,0.0,0.0,0.0,26176.0,26176.0,26176.0,26176.0,0.0,0.0,20000.0
8400206,2027-10-25,46176.0,20000.0,26176.0,77.0,0.00743,10.172636441606745,0.0,0.0,0.0,0.0,0.0,0.0,0.0,0.0,0.0,26176.0,26176.0,26176.0,26176.0,0.0,0.0,20000.0
8400206,2027-10-26,46176.0,20000.0,26176.0,77.0,0.00743,10.172636441606745,0.0,0.0,0.0,0.0,0.0,0.0,0.0,0.0,0.0,26176.0,26176.0,26176.0,26176.0,0.0,0.0,20000.0
8400206,2027-10-27,46176.0,20000.0,26176.0,77.0,0.00743,10.172636441606745,0.0,0.0,0.0,0.0,0.0,0.0,0.0,0.0,0.0,26176.0,26176.0,26176.0,26176.0,0.0,0.0,20000.0
8400206,2027-10-28,46176.0,20000.0,26176.0,77.0,0.00743,10.172636441606745,0.0,0.0,0.0,0.0,0.0,0.0,0.0,0.0,0.0,26176.0,26176.0,26176.0,26176.0,0.0,0.0,20000.0
8400206,2027-10-29,46176.0,20000.0,26176.0,77.0,0.00743,10.172636441606745,0.0,0.0,0.0,0.0,0.0,0.0,0.0,0.0,0.0,26176.0,26176.0,26176.0,26176.0,0.0,0.0,20000.0
8400206,2027-10-30,46176.0,20000.0,26176.0,77.0,0.00743,10.172636441606745,0.0,0.0,0.0,0.0,0.0,0.0,0.0,0.0,0.0,26176.0,26176.0,26176.0,26176.0,0.0,0.0,20000.0
8400206,2027-10-31,46176.0,20000.0,26176.0,77.0,0.00743,10.172636441606745,0.0,0.0,0.0,0.0,0.0,0.0,0.0,0.0,0.0,26176.0,26176.0,26176.0,26176.0,0.0,0.0,20000.0
8400206,2027-11-01,46176.0,20000.0,26176.0,77.0,0.00743,10.172636441606745,0.0,0.0,0.0,0.0,0.0,0.0,0.0,0.0,0.0,26176.0,26176.0,26176.0,26176.0,0.0,0.0,20000.0
8400206,2027-11-02,46176.0,20000.0,26176.0,77.0,0.00743,10.172636441606745,0.0,0.0,0.0,0.0,0.0,0.0,0.0,0.0,0.0,26176.0,26176.0,26176.0,26176.0,0.0,0.0,20000.0
8400206,2027-11-03,46176.0,20000.0,26176.0,77.0,0.00743,10.172636441606745,0.0,0.0,0.0,0.0,0.0,0.0,0.0,0.0,0.0,26176.0,26176.0,26176.0,26176.0,0.0,0.0,20000.0
8400206,2027-11-04,46176.0,20000.0,26176.0,77.0,0.00743,10.172636441606745,0.0,0.0,0.0,0.0,0.0,0.0,0.0,0.0,0.0,26176.0,26176.0,26176.0,26176.0,0.0,0.0,20000.0
8400206,2027-11-05,46176.0,20000.0,26176.0,77.0,0.00743,10.172636441606745,0.0,0.0,0.0,0.0,0.0,0.0,0.0,0.0,0.0,26176.0,26176.0,26176.0,26176.0,0.0,0.0,20000.0
8400206,2027-11-06,46176.0,20000.0,26176.0,77.0,0.00743,10.172636441606745,0.0,0.0,0.0,0.0,0.0,0.0,0.0,0.0,0.0,26176.0,26176.0,26176.0,26176.0,0.0,0.0,20000.0
8400206,2027-11-07,46176.0,20000.0,26176.0,77.0,0.00743,10.172636441606745,0.0,0.0,0.0,0.0,0.0,0.0,0.0,0.0,0.0,26176.0,26176.0,26176.0,26176.0,0.0,0.0,20000.0
8400206,2027-11-08,46176.0,20000.0,26176.0,77.0,0.00743,10.172636441606745,0.0,0.0,0.0,0.0,0.0,0.0,0.0,0.0,0.0,26176.0,26176.0,26176.0,26176.0,0.0,0.0,20000.0
8400206,2027-11-09,46176.0,20000.0,26176.0,77.0,0.00743,10.172636441606745,0.0,0.0,0.0,0.0,0.0,0.0,0.0,0.0,0.0,26176.0,26176.0,26176.0,26176.0,0.0,0.0,20000.0
8400206,2027-11-10,46176.0,20000.0,26176.0,77.0,0.00743,10.172636441606745,0.0,0.0,0.0,0.0,0.0,0.0,0.0,0.0,0.0,26176.0,26176.0,26176.0,26176.0,0.0,0.0,20000.0
8400206,2027-11-11,46176.0,20000.0,26176.0,77.0,0.00743,10.172636441606745,0.0,0.0,0.0,0.0,0.0,0.0,0.0,0.0,0.0,26176.0,26176.0,26176.0,26176.0,0.0,0.0,20000.0
8400206,2027-11-12,46176.0,20000.0,26176.0,77.0,0.00743,10.172636441606745,0.0,0.0,0.0,0.0,0.0,0.0,0.0,0.0,0.0,26176.0,26176.0,26176.0,26176.0,0.0,0.0,20000.0
8400206,2027-11-13,46176.0,20000.0,26176.0,77.0,0.00743,10.172636441606745,0.0,0.0,0.0,0.0,0.0,0.0,0.0,0.0,0.0,26176.0,26176.0,26176.0,26176.0,0.0,0.0,20000.0
8400206,2027-11-14,46176.0,20000.0,26176.0,77.0,0.00743,10.172636441606745,0.0,0.0,0.0,0.0,0.0,0.0,0.0,0.0,0.0,26176.0,26176.0,26176.0,26176.0,0.0,0.0,20000.0
8400206,2027-11-15,46176.0,20000.0,26176.0,77.0,0.00743,10.172636441606745,0.0,0.0,0.0,0.0,0.0,0.0,0.0,0.0,0.0,26176.0,26176.0,26176.0,26176.0,0.0,0.0,20000.0
8400206,2027-11-16,46176.0,20000.0,26176.0,77.0,0.00743,10.172636441606745,0.0,0.0,0.0,0.0,0.0,0.0,0.0,0.0,0.0,26176.0,26176.0,26176.0,26176.0,0.0,0.0,20000.0
8400206,2027-11-17,46176.0,20000.0,26176.0,77.0,0.00743,10.172636441606745,0.0,0.0,0.0,0.0,0.0,0.0,0.0,0.0,0.0,26176.0,26176.0,26176.0,26176.0,0.0,0.0,20000.0
8400206,2027-11-18,46176.0,20000.0,26176.0,77.0,0.00743,10.172636441606745,0.0,0.0,0.0,0.0,0.0,0.0,0.0,0.0,0.0,26176.0,26176.0,26176.0,26176.0,0.0,0.0,20000.0
8400206,2027-11-19,46176.0,20000.0,26176.0,77.0,0.00743,10.172636441606745,0.0,0.0,0.0,0.0,0.0,0.0,0.0,0.0,0.0,26176.0,26176.0,26176.0,26176.0,0.0,0.0,20000.0
8400206,2027-11-20,46176.0,20000.0,26176.0,77.0,0.00743,10.172636441606745,0.0,0.0,0.0,0.0,0.0,0.0,0.0,0.0,0.0,26176.0,26176.0,26176.0,26176.0,0.0,0.0,20000.0
8400206,2027-11-21,46176.0,20000.0,26176.0,77.0,0.00743,10.172636441606745,0.0,0.0,0.0,0.0,0.0,0.0,0.0,0.0,0.0,26176.0,26176.0,26176.0,26176.0,0.0,0.0,20000.0
8400206,2027-11-22,46176.0,20000.0,26176.0,77.0,0.00743,10.172636441606745,0.0,0.0,0.0,0.0,0.0,0.0,0.0,0.0,0.0,26176.0,26176.0,26176.0,26176.0,0.0,0.0,20000.0
8400206,2027-11-23,46176.0,20000.0,26176.0,77.0,0.00743,10.172636441606745,0.0,0.0,0.0,0.0,0.0,0.0,0.0,0.0,0.0,26176.0,26176.0,26176.0,26176.0,0.0,0.0,20000.0
8400206,2027-11-24,46176.0,20000.0,26176.0,77.0,0.00743,10.172636441606745,0.0,0.0,0.0,0.0,0.0,0.0,0.0,0.0,0.0,26176.0,26176.0,26176.0,26176.0,0.0,0.0,20000.0
8400206,2027-11-25,46176.0,20000.0,26176.0,77.0,0.00743,10.172636441606745,0.0,0.0,0.0,0.0,0.0,0.0,0.0,0.0,0.0,26176.0,26176.0,26176.0,26176.0,0.0,0.0,20000.0
8400206,2027-11-26,46176.0,20000.0,26176.0,77.0,0.00743,10.172636441606745,0.0,0.0,0.0,0.0,0.0,0.0,0.0,0.0,0.0,26176.0,26176.0,26176.0,26176.0,0.0,0.0,20000.0
8400206,2027-11-27,46176.0,20000.0,26176.0,77.0,0.00743,10.172636441606745,0.0,0.0,0.0,0.0,0.0,0.0,0.0,0.0,0.0,26176.0,26176.0,26176.0,26176.0,0.0,0.0,20000.0
8400206,2027-11-28,46176.0,20000.0,26176.0,77.0,0.00743,10.172636441606745,0.0,0.0,0.0,0.0,0.0,0.0,0.0,0.0,0.0,26176.0,26176.0,26176.0,26176.0,0.0,0.0,20000.0
8400206,2027-11-29,46176.0,20000.0,26176.0,77.0,0.00743,10.172636441606745,0.0,0.0,0.0,0.0,0.0,0.0,0.0,0.0,0.0,26176.0,26176.0,26176.0,26176.0,0.0,0.0,20000.0
8400206,2027-11-30,46176.0,20000.0,26176.0,77.0,0.00743,10.172636441606745,0.0,0.0,0.0,0.0,0.0,0.0,0.0,0.0,0.0,26176.0,26176.0,26176.0,26176.0,0.0,0.0,20000.0
8400206,2027-12-01,46176.0,20000.0,26176.0,77.0,0.00743,10.172636441606745,0.0,0.0,0.0,0.0,0.0,0.0,0.0,0.0,0.0,26176.0,26176.0,26176.0,26176.0,0.0,0.0,20000.0
8400206,2027-12-02,46176.0,20000.0,26176.0,77.0,0.00743,10.172636441606745,0.0,0.0,0.0,0.0,0.0,0.0,0.0,0.0,0.0,26176.0,26176.0,26176.0,26176.0,0.0,0.0,20000.0
8400206,2027-12-03,46176.0,20000.0,26176.0,77.0,0.00743,10.172636441606745,0.0,0.0,0.0,0.0,0.0,0.0,0.0,0.0,0.0,26176.0,26176.0,26176.0,26176.0,0.0,0.0,20000.0
8400206,2027-12-04,46176.0,20000.0,26176.0,77.0,0.00743,10.172636441606745,0.0,0.0,0.0,0.0,0.0,0.0,0.0,0.0,0.0,26176.0,26176.0,26176.0,26176.0,0.0,0.0,20000.0
8400206,2027-12-05,46176.0,20000.0,26176.0,77.0,0.00743,10.172636441606745,0.0,0.0,0.0,0.0,0.0,0.0,0.0,0.0,0.0,26176.0,26176.0,26176.0,26176.0,0.0,0.0,20000.0
8400206,2027-12-06,46176.0,20000.0,26176.0,77.0,0.00743,10.172636441606745,0.0,0.0,0.0,0.0,0.0,0.0,0.0,0.0,0.0,26176.0,26176.0,26176.0,26176.0,0.0,0.0,20000.0
8400206,2027-12-07,46176.0,20000.0,26176.0,77.0,0.00743,10.172636441606745,0.0,0.0,0.0,0.0,0.0,0.0,0.0,0.0,0.0,26176.0,26176.0,26176.0,26176.0,0.0,0.0,20000.0
8400206,2027-12-08,46176.0,20000.0,26176.0,77.0,0.00743,10.172636441606745,0.0,0.0,0.0,0.0,0.0,0.0,0.0,0.0,0.0,26176.0,26176.0,26176.0,26176.0,0.0,0.0,20000.0
8400206,2027-12-09,46176.0,20000.0,26176.0,77.0,0.00743,10.172636441606745,0.0,0.0,0.0,0.0,0.0,0.0,0.0,0.0,0.0,26176.0,26176.0,26176.0,26176.0,0.0,0.0,20000.0
8400206,2027-12-10,46176.0,20000.0,26176.0,77.0,0.00743,10.172636441606745,0.0,0.0,0.0,0.0,0.0,0.0,0.0,0.0,0.0,26176.0,26176.0,26176.0,26176.0,0.0,0.0,20000.0
8400206,2027-12-11,46176.0,20000.0,26176.0,77.0,0.00743,10.172636441606745,0.0,0.0,0.0,0.0,0.0,0.0,0.0,0.0,0.0,26176.0,26176.0,26176.0,26176.0,0.0,0.0,20000.0
8400206,2027-12-12,46176.0,20000.0,26176.0,77.0,0.00743,10.172636441606745,0.0,0.0,0.0,0.0,0.0,0.0,0.0,0.0,0.0,26176.0,26176.0,26176.0,26176.0,0.0,0.0,20000.0
8400206,2027-12-13,46176.0,20000.0,26176.0,77.0,0.00743,10.172636441606745,0.0,0.0,0.0,0.0,0.0,0.0,0.0,0.0,0.0,26176.0,26176.0,26176.0,26176.0,0.0,0.0,20000.0
8400206,2027-12-14,46176.0,20000.0,26176.0,77.0,0.00743,10.172636441606745,0.0,0.0,0.0,0.0,0.0,0.0,0.0,0.0,0.0,26176.0,26176.0,26176.0,26176.0,0.0,0.0,20000.0
8400206,2027-12-15,46176.0,20000.0,26176.0,77.0,0.00743,10.172636441606745,0.0,0.0,0.0,0.0,0.0,0.0,0.0,0.0,0.0,26176.0,26176.0,26176.0,26176.0,0.0,0.0,20000.0
8400206,2027-12-16,46176.0,20000.0,26176.0,77.0,0.00743,10.172636441606745,0.0,0.0,0.0,0.0,0.0,0.0,0.0,0.0,0.0,26176.0,26176.0,26176.0,26176.0,0.0,0.0,20000.0
8400206,2027-12-17,46176.0,20000.0,26176.0,77.0,0.00743,10.172636441606745,0.0,0.0,0.0,0.0,0.0,0.0,0.0,0.0,0.0,26176.0,26176.0,26176.0,26176.0,0.0,0.0,20000.0
8400206,2027-12-18,46176.0,20000.0,26176.0,77.0,0.00743,10.172636441606745,0.0,0.0,0.0,0.0,0.0,0.0,0.0,0.0,0.0,26176.0,26176.0,26176.0,26176.0,0.0,0.0,20000.0
8400206,2027-12-19,46176.0,20000.0,26176.0,77.0,0.00743,10.172636441606745,0.0,0.0,0.0,0.0,0.0,0.0,0.0,0.0,0.0,26176.0,26176.0,26176.0,26176.0,0.0,0.0,20000.0
8400206,2027-12-20,46176.0,20000.0,26176.0,77.0,0.00743,10.172636441606745,0.0,0.0,0.0,0.0,0.0,0.0,0.0,0.0,0.0,26176.0,26176.0,26176.0,26176.0,0.0,0.0,20000.0
8400206,2027-12-21,46176.0,20000.0,26176.0,77.0,0.00743,10.172636441606745,0.0,0.0,0.0,0.0,0.0,0.0,0.0,0.0,0.0,26176.0,26176.0,26176.0,26176.0,0.0,0.0,20000.0
8400206,2027-12-22,46176.0,20000.0,26176.0,77.0,0.00743,10.172636441606745,0.0,0.0,0.0,0.0,0.0,0.0,0.0,0.0,0.0,26176.0,26176.0,26176.0,26176.0,0.0,0.0,20000.0
8400206,2027-12-23,46176.0,20000.0,26176.0,77.0,0.00743,10.172636441606745,0.0,0.0,0.0,0.0,0.0,0.0,0.0,0.0,0.0,26176.0,26176.0,26176.0,26176.0,0.0,0.0,20000.0
8400206,2027-12-24,46176.0,20000.0,26176.0,77.0,0.00743,10.172636441606745,0.0,0.0,0.0,0.0,0.0,0.0,0.0,0.0,0.0,26176.0,26176.0,26176.0,26176.0,0.0,0.0,20000.0
8400206,2027-12-25,46176.0,20000.0,26176.0,77.0,0.00743,10.172636441606745,0.0,0.0,0.0,0.0,0.0,0.0,0.0,0.0,0.0,26176.0,26176.0,26176.0,26176.0,0.0,0.0,20000.0
8400206,2027-12-26,46176.0,20000.0,26176.0,77.0,0.00743,10.172636441606745,0.0,0.0,0.0,0.0,0.0,0.0,0.0,0.0,0.0,26176.0,26176.0,26176.0,26176.0,0.0,0.0,20000.0
8400206,2027-12-27,46176.0,20000.0,26176.0,77.0,0.00743,10.172636441606745,0.0,0.0,0.0,0.0,0.0,0.0,0.0,0.0,0.0,26176.0,26176.0,26176.0,26176.0,0.0,0.0,20000.0
8400206,2027-12-28,46176.0,20000.0,26176.0,77.0,0.00743,10.172636441606745,0.0,0.0,0.0,0.0,0.0,0.0,0.0,0.0,0.0,26176.0,26176.0,26176.0,26176.0,0.0,0.0,20000.0
8400206,2027-12-29,46176.0,20000.0,26176.0,77.0,0.00743,10.172636441606745,0.0,0.0,0.0,0.0,0.0,0.0,0.0,0.0,0.0,26176.0,26176.0,26176.0,26176.0,0.0,0.0,20000.0
8400206,2027-12-30,46176.0,20000.0,26176.0,77.0,0.00743,10.172636441606745,0.0,0.0,0.0,0.0,0.0,0.0,0.0,0.0,0.0,26176.0,26176.0,26176.0,26176.0,0.0,0.0,20000.0
8400206,2027-12-31,46176.0,20000.0,26176.0,77.0,0.00743,10.172636441606745,0.0,0.0,0.0,0.0,0.0,0.0,0.0,0.0,0.0,26176.0,26176.0,26176.0,26176.0,0.0,0.0,20000.0
8400206,2028-01-01,46176.0,20000.0,26176.0,77.0,0.00743,10.172636441606745,0.0,0.0,0.0,0.0,0.0,0.0,0.0,0.0,0.0,26176.0,26176.0,26176.0,26176.0,0.0,0.0,20000.0
8400206,2028-01-02,46176.0,20000.0,26176.0,77.0,0.00743,10.172636441606745,0.0,0.0,0.0,0.0,0.0,0.0,0.0,0.0,0.0,26176.0,26176.0,26176.0,26176.0,0.0,0.0,20000.0
8400206,2028-01-03,46176.0,20000.0,26176.0,77.0,0.00743,10.172636441606745,0.0,0.0,0.0,0.0,0.0,0.0,0.0,0.0,0.0,26176.0,26176.0,26176.0,26176.0,0.0,0.0,20000.0
8400206,2028-01-04,46176.0,20000.0,26176.0,77.0,0.00743,10.172636441606745,0.0,0.0,0.0,0.0,0.0,0.0,0.0,0.0,0.0,26176.0,26176.0,26176.0,26176.0,0.0,0.0,20000.0
8400206,2028-01-05,46176.0,20000.0,26176.0,77.0,0.00743,10.172636441606745,0.0,0.0,0.0,0.0,0.0,0.0,0.0,0.0,0.0,26176.0,26176.0,26176.0,26176.0,0.0,0.0,20000.0
8400206,2028-01-06,46176.0,20000.0,26176.0,77.0,0.00743,10.172636441606745,0.0,0.0,0.0,0.0,0.0,0.0,0.0,0.0,0.0,26176.0,26176.0,26176.0,26176.0,0.0,0.0,20000.0
8400206,2028-01-07,46176.0,20000.0,26176.0,77.0,0.00743,10.172636441606745,0.0,0.0,0.0,0.0,0.0,0.0,0.0,0.0,0.0,26176.0,26176.0,26176.0,26176.0,0.0,0.0,20000.0
8400206,2028-01-08,46176.0,20000.0,26176.0,77.0,0.00743,10.172636441606745,0.0,0.0,0.0,0.0,0.0,0.0,0.0,0.0,0.0,26176.0,26176.0,26176.0,26176.0,0.0,0.0,20000.0
8400206,2028-01-09,46176.0,20000.0,26176.0,77.0,0.00743,10.172636441606745,0.0,0.0,0.0,0.0,0.0,0.0,0.0,0.0,0.0,26176.0,26176.0,26176.0,26176.0,0.0,0.0,20000.0
8400206,2028-01-10,46176.0,20000.0,26176.0,77.0,0.00743,10.172636441606745,0.0,0.0,0.0,0.0,0.0,0.0,0.0,0.0,0.0,26176.0,26176.0,26176.0,26176.0,0.0,0.0,20000.0
8400206,2028-01-11,46176.0,20000.0,26176.0,77.0,0.00743,10.172636441606745,0.0,0.0,0.0,0.0,0.0,0.0,0.0,0.0,0.0,26176.0,26176.0,26176.0,26176.0,0.0,0.0,20000.0
8400206,2028-01-12,46176.0,20000.0,26176.0,77.0,0.00743,10.172636441606745,0.0,0.0,0.0,0.0,0.0,0.0,0.0,0.0,0.0,26176.0,26176.0,26176.0,26176.0,0.0,0.0,20000.0
8400206,2028-01-13,46176.0,20000.0,26176.0,77.0,0.00743,10.172636441606745,0.0,0.0,0.0,0.0,0.0,0.0,0.0,0.0,0.0,26176.0,26176.0,26176.0,26176.0,0.0,0.0,20000.0
8400206,2028-01-14,46176.0,20000.0,26176.0,77.0,0.00743,10.172636441606745,0.0,0.0,0.0,0.0,0.0,0.0,0.0,0.0,0.0,26176.0,26176.0,26176.0,26176.0,0.0,0.0,20000.0
8400206,2028-01-15,46176.0,20000.0,26176.0,77.0,0.00743,10.172636441606745,0.0,0.0,0.0,0.0,0.0,0.0,0.0,0.0,0.0,26176.0,26176.0,26176.0,26176.0,0.0,0.0,20000.0
8400206,2028-01-16,46176.0,20000.0,26176.0,77.0,0.00743,10.172636441606745,0.0,0.0,0.0,0.0,0.0,0.0,0.0,0.0,0.0,26176.0,26176.0,26176.0,26176.0,0.0,0.0,20000.0
8400206,2028-01-17,46176.0,20000.0,26176.0,77.0,0.00743,10.172636441606745,0.0,0.0,0.0,0.0,0.0,0.0,0.0,0.0,0.0,26176.0,26176.0,26176.0,26176.0,0.0,0.0,20000.0
8400206,2028-01-18,46176.0,20000.0,26176.0,77.0,0.00743,10.172636441606745,0.0,0.0,0.0,0.0,0.0,0.0,0.0,0.0,0.0,26176.0,26176.0,26176.0,26176.0,0.0,0.0,20000.0
8400206,2028-01-19,46176.0,20000.0,26176.0,77.0,0.00743,10.172636441606745,0.0,0.0,0.0,0.0,0.0,0.0,0.0,0.0,0.0,26176.0,26176.0,26176.0,26176.0,0.0,0.0,20000.0
8400206,2028-01-20,46176.0,20000.0,26176.0,77.0,0.00743,10.172636441606745,0.0,0.0,0.0,0.0,0.0,0.0,0.0,0.0,0.0,26176.0,26176.0,26176.0,26176.0,0.0,0.0,20000.0
8400206,2028-01-21,46176.0,20000.0,26176.0,77.0,0.00743,10.172636441606745,0.0,0.0,0.0,0.0,0.0,0.0,0.0,0.0,0.0,26176.0,26176.0,26176.0,26176.0,0.0,0.0,20000.0
8400206,2028-01-22,46176.0,20000.0,26176.0,77.0,0.00743,10.172636441606745,0.0,0.0,0.0,0.0,0.0,0.0,0.0,0.0,0.0,26176.0,26176.0,26176.0,26176.0,0.0,0.0,20000.0
8400206,2028-01-23,46176.0,20000.0,26176.0,77.0,0.00743,10.172636441606745,0.0,0.0,0.0,0.0,0.0,0.0,0.0,0.0,0.0,26176.0,26176.0,26176.0,26176.0,0.0,0.0,20000.0
8400206,2028-01-24,46176.0,20000.0,26176.0,77.0,0.00743,10.172636441606745,0.0,0.0,0.0,0.0,0.0,0.0,0.0,0.0,0.0,26176.0,26176.0,26176.0,26176.0,0.0,0.0,20000.0
8400206,2028-01-25,46176.0,20000.0,26176.0,77.0,0.00743,10.172636441606745,0.0,0.0,0.0,0.0,0.0,0.0,0.0,0.0,0.0,26176.0,26176.0,26176.0,26176.0,0.0,0.0,20000.0
8400206,2028-01-26,46176.0,20000.0,26176.0,77.0,0.00743,10.172636441606745,0.0,0.0,0.0,0.0,0.0,0.0,0.0,0.0,0.0,26176.0,26176.0,26176.0,26176.0,0.0,0.0,20000.0
8400206,2028-01-27,46176.0,20000.0,26176.0,77.0,0.00743,10.172636441606745,0.0,0.0,0.0,0.0,0.0,0.0,0.0,0.0,0.0,26176.0,26176.0,26176.0,26176.0,0.0,0.0,20000.0
8400206,2028-01-28,46176.0,20000.0,26176.0,77.0,0.00743,10.172636441606745,0.0,0.0,0.0,0.0,0.0,0.0,0.0,0.0,0.0,26176.0,26176.0,26176.0,26176.0,0.0,0.0,20000.0
8400206,2028-01-29,46176.0,20000.0,26176.0,77.0,0.00743,10.172636441606745,0.0,0.0,0.0,0.0,0.0,0.0,0.0,0.0,0.0,26176.0,26176.0,26176.0,26176.0,0.0,0.0,20000.0
8400206,2028-01-30,46176.0,20000.0,26176.0,77.0,0.00743,10.172636441606745,0.0,0.0,0.0,0.0,0.0,0.0,0.0,0.0,0.0,26176.0,26176.0,26176.0,26176.0,0.0,0.0,20000.0
8400206,2028-01-31,46176.0,20000.0,26176.0,77.0,0.00743,10.172636441606745,0.0,0.0,0.0,0.0,0.0,0.0,0.0,0.0,0.0,26176.0,26176.0,26176.0,26176.0,0.0,0.0,20000.0
8400206,2028-02-01,46176.0,20000.0,26176.0,77.0,0.00743,10.172636441606745,0.0,0.0,0.0,0.0,0.0,0.0,0.0,0.0,0.0,26176.0,26176.0,26176.0,26176.0,0.0,0.0,20000.0
8400206,2028-02-02,46176.0,20000.0,26176.0,77.0,0.00743,10.172636441606745,0.0,0.0,0.0,0.0,0.0,0.0,0.0,0.0,0.0,26176.0,26176.0,26176.0,26176.0,0.0,0.0,20000.0
8400206,2028-02-03,46176.0,20000.0,26176.0,77.0,0.00743,10.172636441606745,0.0,0.0,0.0,0.0,0.0,0.0,0.0,0.0,0.0,26176.0,26176.0,26176.0,26176.0,0.0,0.0,20000.0
8400206,2028-02-04,46176.0,20000.0,26176.0,77.0,0.00743,10.172636441606745,0.0,0.0,0.0,0.0,0.0,0.0,0.0,0.0,0.0,26176.0,26176.0,26176.0,26176.0,0.0,0.0,20000.0
8400206,2028-02-05,46176.0,20000.0,26176.0,77.0,0.00743,10.172636441606745,0.0,0.0,0.0,0.0,0.0,0.0,0.0,0.0,0.0,26176.0,26176.0,26176.0,26176.0,0.0,0.0,20000.0
8400206,2028-02-06,46176.0,20000.0,26176.0,77.0,0.00743,10.172636441606745,0.0,0.0,0.0,0.0,0.0,0.0,0.0,0.0,0.0,26176.0,26176.0,26176.0,26176.0,0.0,0.0,20000.0
8400206,2028-02-07,46176.0,20000.0,26176.0,77.0,0.00743,10.172636441606745,0.0,0.0,0.0,0.0,0.0,0.0,0.0,0.0,0.0,26176.0,26176.0,26176.0,26176.0,0.0,0.0,20000.0
8400206,2028-02-08,46176.0,20000.0,26176.0,77.0,0.00743,10.172636441606745,0.0,0.0,0.0,0.0,0.0,0.0,0.0,0.0,0.0,26176.0,26176.0,26176.0,26176.0,0.0,0.0,20000.0
8400206,2028-02-09,46176.0,20000.0,26176.0,77.0,0.00743,10.172636441606745,0.0,0.0,0.0,0.0,0.0,0.0,0.0,0.0,0.0,26176.0,26176.0,26176.0,26176.0,0.0,0.0,20000.0
8400206,2028-02-10,46176.0,20000.0,26176.0,77.0,0.00743,10.172636441606745,0.0,0.0,0.0,0.0,0.0,0.0,0.0,0.0,0.0,26176.0,26176.0,26176.0,26176.0,0.0,0.0,20000.0
8400206,2028-02-11,46176.0,20000.0,26176.0,77.0,0.00743,10.172636441606745,0.0,0.0,0.0,0.0,0.0,0.0,0.0,0.0,0.0,26176.0,26176.0,26176.0,26176.0,0.0,0.0,20000.0
8400206,2028-02-12,46176.0,20000.0,26176.0,77.0,0.00743,10.172636441606745,0.0,0.0,0.0,0.0,0.0,0.0,0.0,0.0,0.0,26176.0,26176.0,26176.0,26176.0,0.0,0.0,20000.0
8400206,2028-02-13,46176.0,20000.0,26176.0,77.0,0.00743,10.172636441606745,0.0,0.0,0.0,0.0,0.0,0.0,0.0,0.0,0.0,26176.0,26176.0,26176.0,26176.0,0.0,0.0,20000.0
8400206,2028-02-14,46176.0,20000.0,26176.0,77.0,0.00743,10.172636441606745,0.0,0.0,0.0,0.0,0.0,0.0,0.0,0.0,0.0,26176.0,26176.0,26176.0,26176.0,0.0,0.0,20000.0
8400206,2028-02-15,46176.0,20000.0,26176.0,77.0,0.00743,10.172636441606745,0.0,0.0,0.0,0.0,0.0,0.0,0.0,0.0,0.0,26176.0,26176.0,26176.0,26176.0,0.0,0.0,20000.0
8400206,2028-02-16,46176.0,20000.0,26176.0,77.0,0.00743,10.172636441606745,0.0,0.0,0.0,0.0,0.0,0.0,0.0,0.0,0.0,26176.0,26176.0,26176.0,26176.0,0.0,0.0,20000.0
8400206,2028-02-17,46176.0,20000.0,26176.0,77.0,0.00743,10.172636441606745,0.0,0.0,0.0,0.0,0.0,0.0,0.0,0.0,0.0,26176.0,26176.0,26176.0,26176.0,0.0,0.0,20000.0
8400206,2028-02-18,46176.0,20000.0,26176.0,77.0,0.00743,10.172636441606745,0.0,0.0,0.0,0.0,0.0,0.0,0.0,0.0,0.0,26176.0,26176.0,26176.0,26176.0,0.0,0.0,20000.0
8400206,2028-02-19,46176.0,20000.0,26176.0,77.0,0.00743,10.172636441606745,0.0,0.0,0.0,0.0,0.0,0.0,0.0,0.0,0.0,26176.0,26176.0,26176.0,26176.0,0.0,0.0,20000.0
8400206,2028-02-20,46176.0,20000.0,26176.0,77.0,0.00743,10.172636441606745,0.0,0.0,0.0,0.0,0.0,0.0,0.0,0.0,0.0,26176.0,26176.0,26176.0,26176.0,0.0,0.0,20000.0
8400206,2028-02-21,46176.0,20000.0,26176.0,77.0,0.00743,10.172636441606745,0.0,0.0,0.0,0.0,0.0,0.0,0.0,0.0,0.0,26176.0,26176.0,26176.0,26176.0,0.0,0.0,20000.0
8400206,2028-02-22,46176.0,20000.0,26176.0,77.0,0.00743,10.172636441606745,0.0,0.0,0.0,0.0,0.0,0.0,0.0,0.0,0.0,26176.0,26176.0,26176.0,26176.0,0.0,0.0,20000.0
8400206,2028-02-23,46176.0,20000.0,26176.0,77.0,0.00743,10.172636441606745,0.0,0.0,0.0,0.0,0.0,0.0,0.0,0.0,0.0,26176.0,26176.0,26176.0,26176.0,0.0,0.0,20000.0
8400206,2028-02-24,46176.0,20000.0,26176.0,77.0,0.00743,10.172636441606745,0.0,0.0,0.0,0.0,0.0,0.0,0.0,0.0,0.0,26176.0,26176.0,26176.0,26176.0,0.0,0.0,20000.0
8400206,2028-02-25,46176.0,20000.0,26176.0,77.0,0.00743,10.172636441606745,0.0,0.0,0.0,0.0,0.0,0.0,0.0,0.0,0.0,26176.0,26176.0,26176.0,26176.0,0.0,0.0,20000.0
8400206,2028-02-26,46176.0,20000.0,26176.0,77.0,0.00743,10.172636441606745,0.0,0.0,0.0,0.0,0.0,0.0,0.0,0.0,0.0,26176.0,26176.0,26176.0,26176.0,0.0,0.0,20000.0
8400206,2028-02-27,46176.0,20000.0,26176.0,77.0,0.00743,10.172636441606745,0.0,0.0,0.0,0.0,0.0,0.0,0.0,0.0,0.0,26176.0,26176.0,26176.0,26176.0,0.0,0.0,20000.0
8400206,2028-02-28,46176.0,20000.0,26176.0,77.0,0.00743,10.172636441606745,0.0,0.0,0.0,0.0,0.0,0.0,0.0,0.0,0.0,26176.0,26176.0,26176.0,26176.0,0.0,0.0,20000.0
8400206,2028-02-29,46176.0,20000.0,26176.0,77.0,0.00743,10.172636441606745,0.0,0.0,0.0,0.0,0.0,0.0,0.0,0.0,0.0,26176.0,26176.0,26176.0,26176.0,0.0,0.0,20000.0
8400206,2028-03-01,46176.0,20000.0,26176.0,77.0,0.00743,10.172636441606745,0.0,0.0,0.0,0.0,0.0,0.0,0.0,0.0,0.0,26176.0,26176.0,26176.0,26176.0,0.0,0.0,20000.0
8400206,2028-03-02,46176.0,20000.0,26176.0,77.0,0.00743,10.172636441606745,0.0,0.0,0.0,0.0,0.0,0.0,0.0,0.0,0.0,26176.0,26176.0,26176.0,26176.0,0.0,0.0,20000.0
8400206,2028-03-03,46176.0,20000.0,26176.0,77.0,0.00743,10.172636441606745,0.0,0.0,0.0,0.0,0.0,0.0,0.0,0.0,0.0,26176.0,26176.0,26176.0,26176.0,0.0,0.0,20000.0
8400206,2028-03-04,46176.0,20000.0,26176.0,77.0,0.00743,10.172636441606745,0.0,0.0,0.0,0.0,0.0,0.0,0.0,0.0,0.0,26176.0,26176.0,26176.0,26176.0,0.0,0.0,20000.0
8400206,2028-03-05,46176.0,20000.0,26176.0,77.0,0.00743,10.172636441606745,0.0,0.0,0.0,0.0,0.0,0.0,0.0,0.0,0.0,26176.0,26176.0,26176.0,26176.0,0.0,0.0,20000.0
8400206,2028-03-06,46176.0,20000.0,26176.0,77.0,0.00743,10.172636441606745,0.0,0.0,0.0,0.0,0.0,0.0,0.0,0.0,0.0,26176.0,26176.0,26176.0,26176.0,0.0,0.0,20000.0
8400206,2028-03-07,46176.0,20000.0,26176.0,77.0,0.00743,10.172636441606745,0.0,0.0,0.0,0.0,0.0,0.0,0.0,0.0,0.0,26176.0,26176.0,26176.0,26176.0,0.0,0.0,20000.0
8400206,2028-03-08,46176.0,20000.0,26176.0,77.0,0.00743,10.172636441606745,0.0,0.0,0.0,0.0,0.0,0.0,0.0,0.0,0.0,26176.0,26176.0,26176.0,26176.0,0.0,0.0,20000.0
8400206,2028-03-09,46176.0,20000.0,26176.0,77.0,0.00743,10.172636441606745,0.0,0.0,0.0,0.0,0.0,0.0,0.0,0.0,0.0,26176.0,26176.0,26176.0,26176.0,0.0,0.0,20000.0
8400206,2028-03-10,46176.0,20000.0,26176.0,77.0,0.00743,10.172636441606745,0.0,0.0,0.0,0.0,0.0,0.0,0.0,0.0,0.0,26176.0,26176.0,26176.0,26176.0,0.0,0.0,20000.0
8400206,2028-03-11,46176.0,20000.0,26176.0,77.0,0.00743,10.172636441606745,0.0,0.0,0.0,0.0,0.0,0.0,0.0,0.0,0.0,26176.0,26176.0,26176.0,26176.0,0.0,0.0,20000.0
8400206,2028-03-12,46176.0,20000.0,26176.0,77.0,0.00743,10.172636441606745,0.0,0.0,0.0,0.0,0.0,0.0,0.0,0.0,0.0,26176.0,26176.0,26176.0,26176.0,0.0,0.0,20000.0
8400206,2028-03-13,46176.0,20000.0,26176.0,77.0,0.00743,10.172636441606745,0.0,0.0,0.0,0.0,0.0,0.0,0.0,0.0,0.0,26176.0,26176.0,26176.0,26176.0,0.0,0.0,20000.0
8400206,2028-03-14,46176.0,20000.0,26176.0,77.0,0.00743,10.172636441606745,0.0,0.0,0.0,0.0,0.0,0.0,0.0,0.0,0.0,26176.0,26176.0,26176.0,26176.0,0.0,0.0,20000.0
8400206,2028-03-15,46176.0,20000.0,26176.0,77.0,0.00743,10.172636441606745,0.0,0.0,0.0,0.0,0.0,0.0,0.0,0.0,0.0,26176.0,26176.0,26176.0,26176.0,0.0,0.0,20000.0
8400206,2028-03-16,46176.0,20000.0,26176.0,77.0,0.00743,10.172636441606745,0.0,0.0,0.0,0.0,0.0,0.0,0.0,0.0,0.0,26176.0,26176.0,26176.0,26176.0,0.0,0.0,20000.0
8400206,2028-03-17,46176.0,20000.0,26176.0,77.0,0.00743,10.172636441606745,0.0,0.0,0.0,0.0,0.0,0.0,0.0,0.0,0.0,26176.0,26176.0,26176.0,26176.0,0.0,0.0,20000.0
8400206,2028-03-18,46176.0,20000.0,26176.0,77.0,0.00743,10.172636441606745,0.0,0.0,0.0,0.0,0.0,0.0,0.0,0.0,0.0,26176.0,26176.0,26176.0,26176.0,0.0,0.0,20000.0
8400206,2028-03-19,46176.0,20000.0,26176.0,77.0,0.00743,10.172636441606745,0.0,0.0,0.0,0.0,0.0,0.0,0.0,0.0,0.0,26176.0,26176.0,26176.0,26176.0,0.0,0.0,20000.0
8400206,2028-03-20,46176.0,20000.0,26176.0,77.0,0.00743,10.172636441606745,0.0,0.0,0.0,0.0,0.0,0.0,0.0,0.0,0.0,26176.0,26176.0,26176.0,26176.0,0.0,0.0,20000.0
8400206,2028-03-21,46176.0,20000.0,26176.0,77.0,0.00743,10.172636441606745,0.0,0.0,0.0,0.0,0.0,0.0,0.0,0.0,0.0,26176.0,26176.0,26176.0,26176.0,0.0,0.0,20000.0
8400206,2028-03-22,46176.0,20000.0,26176.0,77.0,0.00743,10.172636441606745,0.0,0.0,0.0,0.0,0.0,0.0,0.0,0.0,0.0,26176.0,26176.0,26176.0,26176.0,0.0,0.0,20000.0
8400206,2028-03-23,46176.0,20000.0,26176.0,77.0,0.00743,10.172636441606745,0.0,0.0,0.0,0.0,0.0,0.0,0.0,0.0,0.0,26176.0,26176.0,26176.0,26176.0,0.0,0.0,20000.0
8400206,2028-03-24,46176.0,20000.0,26176.0,77.0,0.00743,10.172636441606745,0.0,0.0,0.0,0.0,0.0,0.0,0.0,0.0,0.0,26176.0,26176.0,26176.0,26176.0,0.0,0.0,20000.0
8400206,2028-03-25,46176.0,20000.0,26176.0,77.0,0.00743,10.172636441606745,0.0,0.0,0.0,0.0,0.0,0.0,0.0,0.0,0.0,26176.0,26176.0,26176.0,26176.0,0.0,0.0,20000.0
8400206,2028-03-26,46176.0,20000.0,26176.0,77.0,0.00743,10.172636441606745,0.0,0.0,0.0,0.0,0.0,0.0,0.0,0.0,0.0,26176.0,26176.0,26176.0,26176.0,0.0,0.0,20000.0
8400206,2028-03-27,46176.0,20000.0,26176.0,77.0,0.00743,10.172636441606745,0.0,0.0,0.0,0.0,0.0,0.0,0.0,0.0,0.0,26176.0,26176.0,26176.0,26176.0,0.0,0.0,20000.0
8400206,2028-03-28,46176.0,20000.0,26176.0,77.0,0.00743,10.172636441606745,0.0,0.0,0.0,0.0,0.0,0.0,0.0,0.0,0.0,26176.0,26176.0,26176.0,26176.0,0.0,0.0,20000.0
8400206,2028-03-29,46176.0,20000.0,26176.0,77.0,0.00743,10.172636441606745,0.0,0.0,0.0,0.0,0.0,0.0,0.0,0.0,0.0,26176.0,26176.0,26176.0,26176.0,0.0,0.0,20000.0
8400206,2028-03-30,46176.0,20000.0,26176.0,77.0,0.00743,10.172636441606745,0.0,0.0,0.0,0.0,0.0,0.0,0.0,0.0,0.0,26176.0,26176.0,26176.0,26176.0,0.0,0.0,20000.0
8400206,2028-03-31,46176.0,20000.0,26176.0,77.0,0.00743,10.172636441606745,0.0,0.0,0.0,0.0,0.0,0.0,0.0,0.0,0.0,26176.0,26176.0,26176.0,26176.0,0.0,0.0,20000.0
8400206,2028-04-01,46176.0,20000.0,26176.0,77.0,0.00743,10.172636441606745,0.0,0.0,0.0,0.0,0.0,0.0,0.0,0.0,0.0,26176.0,26176.0,26176.0,26176.0,0.0,0.0,20000.0
8400206,2028-04-02,46176.0,20000.0,26176.0,77.0,0.00743,10.172636441606745,0.0,0.0,0.0,0.0,0.0,0.0,0.0,0.0,0.0,26176.0,26176.0,26176.0,26176.0,0.0,0.0,20000.0
8400206,2028-04-03,46176.0,20000.0,26176.0,77.0,0.00743,10.172636441606745,0.0,0.0,0.0,0.0,0.0,0.0,0.0,0.0,0.0,26176.0,26176.0,26176.0,26176.0,0.0,0.0,20000.0
8400206,2028-04-04,46176.0,20000.0,26176.0,77.0,0.00743,10.172636441606745,0.0,0.0,0.0,0.0,0.0,0.0,0.0,0.0,0.0,26176.0,26176.0,26176.0,26176.0,0.0,0.0,20000.0
8400206,2028-04-05,46176.0,20000.0,26176.0,77.0,0.00743,10.172636441606745,0.0,0.0,0.0,0.0,0.0,0.0,0.0,0.0,0.0,26176.0,26176.0,26176.0,26176.0,0.0,0.0,20000.0
8400206,2028-04-06,46176.0,20000.0,26176.0,77.0,0.00743,10.172636441606745,0.0,0.0,0.0,0.0,0.0,0.0,0.0,0.0,0.0,26176.0,26176.0,26176.0,26176.0,0.0,0.0,20000.0
8400206,2028-04-07,46176.0,20000.0,26176.0,77.0,0.00743,10.172636441606745,0.0,0.0,0.0,0.0,0.0,0.0,0.0,0.0,0.0,26176.0,26176.0,26176.0,26176.0,0.0,0.0,20000.0
8400206,2028-04-08,46176.0,20000.0,26176.0,77.0,0.00743,10.172636441606745,0.0,0.0,0.0,0.0,0.0,0.0,0.0,0.0,0.0,26176.0,26176.0,26176.0,26176.0,0.0,0.0,20000.0
8400206,2028-04-09,46176.0,20000.0,26176.0,77.0,0.00743,10.172636441606745,0.0,0.0,0.0,0.0,0.0,0.0,0.0,0.0,0.0,26176.0,26176.0,26176.0,26176.0,0.0,0.0,20000.0
8400206,2028-04-10,46176.0,20000.0,26176.0,77.0,0.00743,10.172636441606745,0.0,0.0,0.0,0.0,0.0,0.0,0.0,0.0,0.0,26176.0,26176.0,26176.0,26176.0,0.0,0.0,20000.0
8400206,2028-04-11,46176.0,20000.0,26176.0,77.0,0.00743,10.172636441606745,0.0,0.0,0.0,0.0,0.0,0.0,0.0,0.0,0.0,26176.0,26176.0,26176.0,26176.0,0.0,0.0,20000.0
8400206,2028-04-12,46176.0,20000.0,26176.0,77.0,0.00743,10.172636441606745,0.0,0.0,0.0,0.0,0.0,0.0,0.0,0.0,0.0,26176.0,26176.0,26176.0,26176.0,0.0,0.0,20000.0
8400206,2028-04-13,46176.0,20000.0,26176.0,77.0,0.00743,10.172636441606745,0.0,0.0,0.0,0.0,0.0,0.0,0.0,0.0,0.0,26176.0,26176.0,26176.0,26176.0,0.0,0.0,20000.0
8400206,2028-04-14,46176.0,20000.0,26176.0,77.0,0.00743,10.172636441606745,0.0,0.0,0.0,0.0,0.0,0.0,0.0,0.0,0.0,26176.0,26176.0,26176.0,26176.0,0.0,0.0,20000.0
8400206,2028-04-15,46176.0,20000.0,26176.0,77.0,0.00743,10.172636441606745,0.0,0.0,0.0,0.0,0.0,0.0,0.0,0.0,0.0,26176.0,26176.0,26176.0,26176.0,0.0,0.0,20000.0
8400206,2028-04-16,46176.0,20000.0,26176.0,77.0,0.00743,10.172636441606745,0.0,0.0,0.0,0.0,0.0,0.0,0.0,0.0,0.0,26176.0,26176.0,26176.0,26176.0,0.0,0.0,20000.0
8400206,2028-04-17,46176.0,20000.0,26176.0,77.0,0.00743,10.172636441606745,0.0,0.0,0.0,0.0,0.0,0.0,0.0,0.0,0.0,26176.0,26176.0,26176.0,26176.0,0.0,0.0,20000.0
8400206,2028-04-18,46176.0,20000.0,26176.0,77.0,0.00743,10.172636441606745,0.0,0.0,0.0,0.0,0.0,0.0,0.0,0.0,0.0,26176.0,26176.0,26176.0,26176.0,0.0,0.0,20000.0
8400206,2028-04-19,46176.0,20000.0,26176.0,77.0,0.00743,10.172636441606745,0.0,0.0,0.0,0.0,0.0,0.0,0.0,0.0,0.0,26176.0,26176.0,26176.0,26176.0,0.0,0.0,20000.0
8400206,2028-04-20,46176.0,20000.0,26176.0,77.0,0.00743,10.172636441606745,0.0,0.0,0.0,0.0,0.0,0.0,0.0,0.0,0.0,26176.0,26176.0,26176.0,26176.0,0.0,0.0,20000.0
8400206,2028-04-21,46176.0,20000.0,26176.0,77.0,0.00743,10.172636441606745,0.0,0.0,0.0,0.0,0.0,0.0,0.0,0.0,0.0,26176.0,26176.0,26176.0,26176.0,0.0,0.0,20000.0
8400206,2028-04-22,46176.0,20000.0,26176.0,77.0,0.00743,10.172636441606745,0.0,0.0,0.0,0.0,0.0,0.0,0.0,0.0,0.0,26176.0,26176.0,26176.0,26176.0,0.0,0.0,20000.0
8400206,2028-04-23,46176.0,20000.0,26176.0,77.0,0.00743,10.172636441606745,0.0,0.0,0.0,0.0,0.0,0.0,0.0,0.0,0.0,26176.0,26176.0,26176.0,26176.0,0.0,0.0,20000.0
8400206,2028-04-24,46176.0,20000.0,26176.0,77.0,0.00743,10.172636441606745,0.0,0.0,0.0,0.0,0.0,0.0,0.0,0.0,0.0,26176.0,26176.0,26176.0,26176.0,0.0,0.0,20000.0
8400206,2028-04-25,46176.0,20000.0,26176.0,77.0,0.00743,10.172636441606745,0.0,0.0,0.0,0.0,0.0,0.0,0.0,0.0,0.0,26176.0,26176.0,26176.0,26176.0,0.0,0.0,20000.0
8400206,2028-04-26,46176.0,20000.0,26176.0,77.0,0.00743,10.172636441606745,0.0,0.0,0.0,0.0,0.0,0.0,0.0,0.0,0.0,26176.0,26176.0,26176.0,26176.0,0.0,0.0,20000.0
8400206,2028-04-27,46176.0,20000.0,26176.0,77.0,0.00743,10.172636441606745,0.0,0.0,0.0,0.0,0.0,0.0,0.0,0.0,0.0,26176.0,26176.0,26176.0,26176.0,0.0,0.0,20000.0
8400206,2028-04-28,46176.0,20000.0,26176.0,77.0,0.00743,10.172636441606745,0.0,0.0,0.0,0.0,0.0,0.0,0.0,0.0,0.0,26176.0,26176.0,26176.0,26176.0,0.0,0.0,20000.0
8400206,2028-04-29,46176.0,20000.0,26176.0,77.0,0.00743,10.172636441606745,0.0,0.0,0.0,0.0,0.0,0.0,0.0,0.0,0.0,26176.0,26176.0,26176.0,26176.0,0.0,0.0,20000.0
8400206,2028-04-30,46176.0,20000.0,26176.0,77.0,0.00743,10.172636441606745,0.0,0.0,0.0,0.0,0.0,0.0,0.0,0.0,0.0,26176.0,26176.0,26176.0,26176.0,0.0,0.0,20000.0
8400206,2028-05-01,46176.0,20000.0,26176.0,77.0,0.00743,10.172636441606745,0.0,0.0,0.0,0.0,0.0,0.0,0.0,0.0,0.0,26176.0,26176.0,26176.0,26176.0,0.0,0.0,20000.0
8400206,2028-05-02,46176.0,20000.0,26176.0,77.0,0.00743,10.172636441606745,0.0,0.0,0.0,0.0,0.0,0.0,0.0,0.0,0.0,26176.0,26176.0,26176.0,26176.0,0.0,0.0,20000.0
8400206,2028-05-03,46176.0,20000.0,26176.0,77.0,0.00743,10.172636441606745,0.0,0.0,0.0,0.0,0.0,0.0,0.0,0.0,0.0,26176.0,26176.0,26176.0,26176.0,0.0,0.0,20000.0
8400206,2028-05-04,46176.0,20000.0,26176.0,77.0,0.00743,10.172636441606745,0.0,0.0,0.0,0.0,0.0,0.0,0.0,0.0,0.0,26176.0,26176.0,26176.0,26176.0,0.0,0.0,20000.0
8400206,2028-05-05,46176.0,20000.0,26176.0,77.0,0.00743,10.172636441606745,0.0,0.0,0.0,0.0,0.0,0.0,0.0,0.0,0.0,26176.0,26176.0,26176.0,26176.0,0.0,0.0,20000.0
8400206,2028-05-06,46176.0,20000.0,26176.0,77.0,0.00743,10.172636441606745,0.0,0.0,0.0,0.0,0.0,0.0,0.0,0.0,0.0,26176.0,26176.0,26176.0,26176.0,0.0,0.0,20000.0
8400206,2028-05-07,46176.0,20000.0,26176.0,77.0,0.00743,10.172636441606745,0.0,0.0,0.0,0.0,0.0,0.0,0.0,0.0,0.0,26176.0,26176.0,26176.0,26176.0,0.0,0.0,20000.0
8400206,2028-05-08,46176.0,20000.0,26176.0,77.0,0.00743,10.172636441606745,0.0,0.0,0.0,0.0,0.0,0.0,0.0,0.0,0.0,26176.0,26176.0,26176.0,26176.0,0.0,0.0,20000.0
8400206,2028-05-09,46176.0,20000.0,26176.0,77.0,0.00743,10.172636441606745,0.0,0.0,0.0,0.0,0.0,0.0,0.0,0.0,0.0,26176.0,26176.0,26176.0,26176.0,0.0,0.0,20000.0
8400206,2028-05-10,46176.0,20000.0,26176.0,77.0,0.00743,10.172636441606745,0.0,0.0,0.0,0.0,0.0,0.0,0.0,0.0,0.0,26176.0,26176.0,26176.0,26176.0,0.0,0.0,20000.0
8400206,2028-05-11,46176.0,20000.0,26176.0,77.0,0.00743,10.172636441606745,0.0,0.0,0.0,0.0,0.0,0.0,0.0,0.0,0.0,26176.0,26176.0,26176.0,26176.0,0.0,0.0,20000.0
8400206,2028-05-12,46176.0,20000.0,26176.0,77.0,0.00743,10.172636441606745,0.0,0.0,0.0,0.0,0.0,0.0,0.0,0.0,0.0,26176.0,26176.0,26176.0,26176.0,0.0,0.0,20000.0
8400206,2028-05-13,46176.0,20000.0,26176.0,77.0,0.00743,10.172636441606745,0.0,0.0,0.0,0.0,0.0,0.0,0.0,0.0,0.0,26176.0,26176.0,26176.0,26176.0,0.0,0.0,20000.0
8400206,2028-05-14,46176.0,20000.0,26176.0,77.0,0.00743,10.172636441606745,0.0,0.0,0.0,0.0,0.0,0.0,0.0,0.0,0.0,26176.0,26176.0,26176.0,26176.0,0.0,0.0,20000.0
8400206,2028-05-15,46176.0,20000.0,26176.0,77.0,0.00743,10.172636441606745,0.0,0.0,0.0,0.0,0.0,0.0,0.0,0.0,0.0,26176.0,26176.0,26176.0,26176.0,0.0,0.0,20000.0
8400206,2028-05-16,46176.0,20000.0,26176.0,77.0,0.00743,10.172636441606745,0.0,0.0,0.0,0.0,0.0,0.0,0.0,0.0,0.0,26176.0,26176.0,26176.0,26176.0,0.0,0.0,20000.0
8400206,2028-05-17,46176.0,20000.0,26176.0,77.0,0.00743,10.172636441606745,0.0,0.0,0.0,0.0,0.0,0.0,0.0,0.0,0.0,26176.0,26176.0,26176.0,26176.0,0.0,0.0,20000.0
8400206,2028-05-18,46176.0,20000.0,26176.0,77.0,0.00743,10.172636441606745,0.0,0.0,0.0,0.0,0.0,0.0,0.0,0.0,0.0,26176.0,26176.0,26176.0,26176.0,0.0,0.0,20000.0
8400206,2028-05-19,46176.0,20000.0,26176.0,77.0,0.00743,10.172636441606745,0.0,0.0,0.0,0.0,0.0,0.0,0.0,0.0,0.0,26176.0,26176.0,26176.0,26176.0,0.0,0.0,20000.0
8400206,2028-05-20,46176.0,20000.0,26176.0,77.0,0.00743,10.172636441606745,0.0,0.0,0.0,0.0,0.0,0.0,0.0,0.0,0.0,26176.0,26176.0,26176.0,26176.0,0.0,0.0,20000.0
8400206,2028-05-21,46176.0,20000.0,26176.0,77.0,0.00743,10.172636441606745,0.0,0.0,0.0,0.0,0.0,0.0,0.0,0.0,0.0,26176.0,26176.0,26176.0,26176.0,0.0,0.0,20000.0
8400206,2028-05-22,46176.0,20000.0,26176.0,77.0,0.00743,10.172636441606745,0.0,0.0,0.0,0.0,0.0,0.0,0.0,0.0,0.0,26176.0,26176.0,26176.0,26176.0,0.0,0.0,20000.0
8400206,2028-05-23,46176.0,20000.0,26176.0,77.0,0.00743,10.172636441606745,0.0,0.0,0.0,0.0,0.0,0.0,0.0,0.0,0.0,26176.0,26176.0,26176.0,26176.0,0.0,0.0,20000.0
8400206,2028-05-24,46176.0,20000.0,26176.0,77.0,0.00743,10.172636441606745,0.0,0.0,0.0,0.0,0.0,0.0,0.0,0.0,0.0,26176.0,26176.0,26176.0,26176.0,0.0,0.0,20000.0
8400206,2028-05-25,46176.0,20000.0,26176.0,77.0,0.00743,10.172636441606745,0.0,0.0,0.0,0.0,0.0,0.0,0.0,0.0,0.0,26176.0,26176.0,26176.0,26176.0,0.0,0.0,20000.0
8400206,2028-05-26,46176.0,20000.0,26176.0,77.0,0.00743,10.172636441606745,0.0,0.0,0.0,0.0,0.0,0.0,0.0,0.0,0.0,26176.0,26176.0,26176.0,26176.0,0.0,0.0,20000.0
8400206,2028-05-27,46176.0,20000.0,26176.0,77.0,0.00743,10.172636441606745,0.0,0.0,0.0,0.0,0.0,0.0,0.0,0.0,0.0,26176.0,26176.0,26176.0,26176.0,0.0,0.0,20000.0
8400206,2028-05-28,46176.0,20000.0,26176.0,77.0,0.00743,10.172636441606745,0.0,0.0,0.0,0.0,0.0,0.0,0.0,0.0,0.0,26176.0,26176.0,26176.0,26176.0,0.0,0.0,20000.0
8400206,2028-05-29,46176.0,20000.0,26176.0,77.0,0.00743,10.172636441606745,0.0,0.0,0.0,0.0,0.0,0.0,0.0,0.0,0.0,26176.0,26176.0,26176.0,26176.0,0.0,0.0,20000.0
8400206,2028-05-30,46176.0,20000.0,26176.0,77.0,0.00743,10.172636441606745,0.0,0.0,0.0,0.0,0.0,0.0,0.0,0.0,0.0,26176.0,26176.0,26176.0,26176.0,0.0,0.0,20000.0
8400206,2028-05-31,46176.0,20000.0,26176.0,77.0,0.00743,10.172636441606745,0.0,0.0,0.0,0.0,0.0,0.0,0.0,0.0,0.0,26176.0,26176.0,26176.0,26176.0,0.0,0.0,20000.0
8400206,2028-06-01,46176.0,20000.0,26176.0,77.0,0.00743,10.172636441606745,0.0,0.0,0.0,0.0,0.0,0.0,0.0,0.0,0.0,26176.0,26176.0,26176.0,26176.0,0.0,0.0,20000.0
8400206,2028-06-02,46176.0,20000.0,26176.0,77.0,0.00743,10.172636441606745,0.0,0.0,0.0,0.0,0.0,0.0,0.0,0.0,0.0,26176.0,26176.0,26176.0,26176.0,0.0,0.0,20000.0
8400206,2028-06-03,46176.0,20000.0,26176.0,77.0,0.00743,10.172636441606745,0.0,0.0,0.0,0.0,0.0,0.0,0.0,0.0,0.0,26176.0,26176.0,26176.0,26176.0,0.0,0.0,20000.0
8400206,2028-06-04,46176.0,20000.0,26176.0,77.0,0.00743,10.172636441606745,0.0,0.0,0.0,0.0,0.0,0.0,0.0,0.0,0.0,26176.0,26176.0,26176.0,26176.0,0.0,0.0,20000.0
8400206,2028-06-05,46176.0,20000.0,26176.0,77.0,0.00743,10.172636441606745,0.0,0.0,0.0,0.0,0.0,0.0,0.0,0.0,0.0,26176.0,26176.0,26176.0,26176.0,0.0,0.0,20000.0
8400206,2028-06-06,46176.0,20000.0,26176.0,77.0,0.00743,10.172636441606745,0.0,0.0,0.0,0.0,0.0,0.0,0.0,0.0,0.0,26176.0,26176.0,26176.0,26176.0,0.0,0.0,20000.0
8400206,2028-06-07,46176.0,20000.0,26176.0,77.0,0.00743,10.172636441606745,0.0,0.0,0.0,0.0,0.0,0.0,0.0,0.0,0.0,26176.0,26176.0,26176.0,26176.0,0.0,0.0,20000.0
8400206,2028-06-08,46176.0,20000.0,26176.0,77.0,0.00743,10.172636441606745,0.0,0.0,0.0,0.0,0.0,0.0,0.0,0.0,0.0,26176.0,26176.0,26176.0,26176.0,0.0,0.0,20000.0
8400206,2028-06-09,46176.0,20000.0,26176.0,77.0,0.00743,10.172636441606745,0.0,0.0,0.0,0.0,0.0,0.0,0.0,0.0,0.0,26176.0,26176.0,26176.0,26176.0,0.0,0.0,20000.0
8400206,2028-06-10,46176.0,20000.0,26176.0,77.0,0.00743,10.172636441606745,0.0,0.0,0.0,0.0,0.0,0.0,0.0,0.0,0.0,26176.0,26176.0,26176.0,26176.0,0.0,0.0,20000.0
8400206,2028-06-11,46176.0,20000.0,26176.0,77.0,0.00743,10.172636441606745,0.0,0.0,0.0,0.0,0.0,0.0,0.0,0.0,0.0,26176.0,26176.0,26176.0,26176.0,0.0,0.0,20000.0
8400206,2028-06-12,46176.0,20000.0,26176.0,77.0,0.00743,10.172636441606745,0.0,0.0,0.0,0.0,0.0,0.0,0.0,0.0,0.0,26176.0,26176.0,26176.0,26176.0,0.0,0.0,20000.0
8400206,2028-06-13,46176.0,20000.0,26176.0,77.0,0.00743,10.172636441606745,0.0,0.0,0.0,0.0,0.0,0.0,0.0,0.0,0.0,26176.0,26176.0,26176.0,26176.0,0.0,0.0,20000.0
8400206,2028-06-14,46176.0,20000.0,26176.0,77.0,0.00743,10.172636441606745,0.0,0.0,0.0,0.0,0.0,0.0,0.0,0.0,0.0,26176.0,26176.0,26176.0,26176.0,0.0,0.0,20000.0
8400206,2028-06-15,46176.0,20000.0,26176.0,77.0,0.00743,10.172636441606745,0.0,0.0,0.0,0.0,0.0,0.0,0.0,0.0,0.0,26176.0,26176.0,26176.0,26176.0,0.0,0.0,20000.0
8400206,2028-06-16,46176.0,20000.0,26176.0,77.0,0.00743,10.172636441606745,0.0,0.0,0.0,0.0,0.0,0.0,0.0,0.0,0.0,26176.0,26176.0,26176.0,26176.0,0.0,0.0,20000.0
8400206,2028-06-17,46176.0,20000.0,26176.0,77.0,0.00743,10.172636441606745,0.0,0.0,0.0,0.0,0.0,0.0,0.0,0.0,0.0,26176.0,26176.0,26176.0,26176.0,0.0,0.0,20000.0
8400206,2028-06-18,46176.0,20000.0,26176.0,77.0,0.00743,10.172636441606745,0.0,0.0,0.0,0.0,0.0,0.0,0.0,0.0,0.0,26176.0,26176.0,26176.0,26176.0,0.0,0.0,20000.0
8400206,2028-06-19,46176.0,20000.0,26176.0,77.0,0.00743,10.172636441606745,0.0,0.0,0.0,0.0,0.0,0.0,0.0,0.0,0.0,26176.0,26176.0,26176.0,26176.0,0.0,0.0,20000.0
8400206,2028-06-20,46176.0,20000.0,26176.0,77.0,0.00743,10.172636441606745,0.0,0.0,0.0,0.0,0.0,0.0,0.0,0.0,0.0,26176.0,26176.0,26176.0,26176.0,0.0,0.0,20000.0
8400206,2028-06-21,46176.0,20000.0,26176.0,77.0,0.00743,10.172636441606745,0.0,0.0,0.0,0.0,0.0,0.0,0.0,0.0,0.0,26176.0,26176.0,26176.0,26176.0,0.0,0.0,20000.0
8400206,2028-06-22,46176.0,20000.0,26176.0,77.0,0.00743,10.172636441606745,0.0,0.0,0.0,0.0,0.0,0.0,0.0,0.0,0.0,26176.0,26176.0,26176.0,26176.0,0.0,0.0,20000.0
8400206,2028-06-23,46176.0,20000.0,26176.0,77.0,0.00743,10.172636441606745,0.0,0.0,0.0,0.0,0.0,0.0,0.0,0.0,0.0,26176.0,26176.0,26176.0,26176.0,0.0,0.0,20000.0
8400206,2028-06-24,46176.0,20000.0,26176.0,77.0,0.00743,10.172636441606745,0.0,0.0,0.0,0.0,0.0,0.0,0.0,0.0,0.0,26176.0,26176.0,26176.0,26176.0,0.0,0.0,20000.0
8400206,2028-06-25,46176.0,20000.0,26176.0,77.0,0.00743,10.172636441606745,0.0,0.0,0.0,0.0,0.0,0.0,0.0,0.0,0.0,26176.0,26176.0,26176.0,26176.0,0.0,0.0,20000.0
8400206,2028-06-26,46176.0,20000.0,26176.0,77.0,0.00743,10.172636441606745,0.0,0.0,0.0,0.0,0.0,0.0,0.0,0.0,0.0,26176.0,26176.0,26176.0,26176.0,0.0,0.0,20000.0
8400206,2028-06-27,46176.0,20000.0,26176.0,77.0,0.00743,10.172636441606745,0.0,0.0,0.0,0.0,0.0,0.0,0.0,0.0,0.0,26176.0,26176.0,26176.0,26176.0,0.0,0.0,20000.0
8400206,2028-06-28,46176.0,20000.0,26176.0,77.0,0.00743,10.172636441606745,0.0,0.0,0.0,0.0,0.0,0.0,0.0,0.0,0.0,26176.0,26176.0,26176.0,26176.0,0.0,0.0,20000.0
8400206,2028-06-29,46176.0,20000.0,26176.0,77.0,0.00743,10.172636441606745,0.0,0.0,0.0,0.0,0.0,0.0,0.0,0.0,0.0,26176.0,26176.0,26176.0,26176.0,0.0,0.0,20000.0
8400206,2028-06-30,46176.0,20000.0,26176.0,77.0,0.00743,10.172636441606745,0.0,0.0,0.0,0.0,0.0,0.0,0.0,0.0,0.0,26176.0,26176.0,26176.0,26176.0,0.0,0.0,20000.0
8400206,2028-07-01,46176.0,20000.0,26176.0,77.0,0.00743,10.172636441606745,0.0,0.0,0.0,0.0,0.0,0.0,0.0,0.0,0.0,26176.0,26176.0,26176.0,26176.0,0.0,0.0,20000.0
8400206,2028-07-02,46176.0,20000.0,26176.0,77.0,0.00743,10.172636441606745,0.0,0.0,0.0,0.0,0.0,0.0,0.0,0.0,0.0,26176.0,26176.0,26176.0,26176.0,0.0,0.0,20000.0
8400206,2028-07-03,46176.0,20000.0,26176.0,77.0,0.00743,10.172636441606745,0.0,0.0,0.0,0.0,0.0,0.0,0.0,0.0,0.0,26176.0,26176.0,26176.0,26176.0,0.0,0.0,20000.0
8400206,2028-07-04,46176.0,20000.0,26176.0,77.0,0.00743,10.172636441606745,0.0,0.0,0.0,0.0,0.0,0.0,0.0,0.0,0.0,26176.0,26176.0,26176.0,26176.0,0.0,0.0,20000.0
8400206,2028-07-05,46176.0,20000.0,26176.0,77.0,0.00743,10.172636441606745,0.0,0.0,0.0,0.0,0.0,0.0,0.0,0.0,0.0,26176.0,26176.0,26176.0,26176.0,0.0,0.0,20000.0
8400206,2028-07-06,46176.0,20000.0,26176.0,77.0,0.00743,10.172636441606745,0.0,0.0,0.0,0.0,0.0,0.0,0.0,0.0,0.0,26176.0,26176.0,26176.0,26176.0,0.0,0.0,20000.0
8400206,2028-07-07,46176.0,20000.0,26176.0,77.0,0.00743,10.172636441606745,0.0,0.0,0.0,0.0,0.0,0.0,0.0,0.0,0.0,26176.0,26176.0,26176.0,26176.0,0.0,0.0,20000.0
8400206,2028-07-08,46176.0,20000.0,26176.0,77.0,0.00743,10.172636441606745,0.0,0.0,0.0,0.0,0.0,0.0,0.0,0.0,0.0,26176.0,26176.0,26176.0,26176.0,0.0,0.0,20000.0
8400206,2028-07-09,46176.0,20000.0,26176.0,77.0,0.00743,10.172636441606745,0.0,0.0,0.0,0.0,0.0,0.0,0.0,0.0,0.0,26176.0,26176.0,26176.0,26176.0,0.0,0.0,20000.0
8400206,2028-07-10,46176.0,20000.0,26176.0,77.0,0.00743,10.172636441606745,0.0,0.0,0.0,0.0,0.0,0.0,0.0,0.0,0.0,26176.0,26176.0,26176.0,26176.0,0.0,0.0,20000.0
8400206,2028-07-11,46176.0,20000.0,26176.0,77.0,0.00743,10.172636441606745,0.0,0.0,0.0,0.0,0.0,0.0,0.0,0.0,0.0,26176.0,26176.0,26176.0,26176.0,0.0,0.0,20000.0
8400206,2028-07-12,46176.0,20000.0,26176.0,77.0,0.00743,10.172636441606745,0.0,0.0,0.0,0.0,0.0,0.0,0.0,0.0,0.0,26176.0,26176.0,26176.0,26176.0,0.0,0.0,20000.0
8400206,2028-07-13,46176.0,20000.0,26176.0,77.0,0.00743,10.172636441606745,0.0,0.0,0.0,0.0,0.0,0.0,0.0,0.0,0.0,26176.0,26176.0,26176.0,26176.0,0.0,0.0,20000.0
8400206,2028-07-14,46176.0,20000.0,26176.0,77.0,0.00743,10.172636441606745,0.0,0.0,0.0,0.0,0.0,0.0,0.0,0.0,0.0,26176.0,26176.0,26176.0,26176.0,0.0,0.0,20000.0
8400206,2028-07-15,46176.0,20000.0,26176.0,77.0,0.00743,10.172636441606745,0.0,0.0,0.0,0.0,0.0,0.0,0.0,0.0,0.0,26176.0,26176.0,26176.0,26176.0,0.0,0.0,20000.0
8400206,2028-07-16,46176.0,20000.0,26176.0,77.0,0.00743,10.172636441606745,0.0,0.0,0.0,0.0,0.0,0.0,0.0,0.0,0.0,26176.0,26176.0,26176.0,26176.0,0.0,0.0,20000.0
8400206,2028-07-17,46176.0,20000.0,26176.0,77.0,0.00743,10.172636441606745,0.0,0.0,0.0,0.0,0.0,0.0,0.0,0.0,0.0,26176.0,26176.0,26176.0,26176.0,0.0,0.0,20000.0
8400206,2028-07-18,46176.0,20000.0,26176.0,77.0,0.00743,10.172636441606745,0.0,0.0,0.0,0.0,0.0,0.0,0.0,0.0,0.0,26176.0,26176.0,26176.0,26176.0,0.0,0.0,20000.0
8400206,2028-07-19,46176.0,20000.0,26176.0,77.0,0.00743,10.172636441606745,0.0,0.0,0.0,0.0,0.0,0.0,0.0,0.0,0.0,26176.0,26176.0,26176.0,26176.0,0.0,0.0,20000.0
8400206,2028-07-20,46176.0,20000.0,26176.0,77.0,0.00743,10.172636441606745,0.0,0.0,0.0,0.0,0.0,0.0,0.0,0.0,0.0,26176.0,26176.0,26176.0,26176.0,0.0,0.0,20000.0
8400206,2028-07-21,46176.0,20000.0,26176.0,77.0,0.00743,10.172636441606745,0.0,0.0,0.0,0.0,0.0,0.0,0.0,0.0,0.0,26176.0,26176.0,26176.0,26176.0,0.0,0.0,20000.0
8400206,2028-07-22,46176.0,20000.0,26176.0,77.0,0.00743,10.172636441606745,0.0,0.0,0.0,0.0,0.0,0.0,0.0,0.0,0.0,26176.0,26176.0,26176.0,26176.0,0.0,0.0,20000.0
8400206,2028-07-23,46176.0,20000.0,26176.0,77.0,0.00743,10.172636441606745,0.0,0.0,0.0,0.0,0.0,0.0,0.0,0.0,0.0,26176.0,26176.0,26176.0,26176.0,0.0,0.0,20000.0
8400206,2028-07-24,46176.0,20000.0,26176.0,77.0,0.00743,10.172636441606745,0.0,0.0,0.0,0.0,0.0,0.0,0.0,0.0,0.0,26176.0,26176.0,26176.0,26176.0,0.0,0.0,20000.0
8400206,2028-07-25,46176.0,20000.0,26176.0,77.0,0.00743,10.172636441606745,0.0,0.0,0.0,0.0,0.0,0.0,0.0,0.0,0.0,26176.0,26176.0,26176.0,26176.0,0.0,0.0,20000.0
8400206,2028-07-26,46176.0,20000.0,26176.0,77.0,0.00743,10.172636441606745,0.0,0.0,0.0,0.0,0.0,0.0,0.0,0.0,0.0,26176.0,26176.0,26176.0,26176.0,0.0,0.0,20000.0
8400206,2028-07-27,46176.0,20000.0,26176.0,77.0,0.00743,10.172636441606745,0.0,0.0,0.0,0.0,0.0,0.0,0.0,0.0,0.0,26176.0,26176.0,26176.0,26176.0,0.0,0.0,20000.0
8400206,2028-07-28,46176.0,20000.0,26176.0,77.0,0.00743,10.172636441606745,0.0,0.0,0.0,0.0,0.0,0.0,0.0,0.0,0.0,26176.0,26176.0,26176.0,26176.0,0.0,0.0,20000.0
8400206,2028-07-29,46176.0,20000.0,26176.0,77.0,0.00743,10.172636441606745,0.0,0.0,0.0,0.0,0.0,0.0,0.0,0.0,0.0,26176.0,26176.0,26176.0,26176.0,0.0,0.0,20000.0
8400206,2028-07-30,46176.0,20000.0,26176.0,77.0,0.00743,10.172636441606745,0.0,0.0,0.0,0.0,0.0,0.0,0.0,0.0,0.0,26176.0,26176.0,26176.0,26176.0,0.0,0.0,20000.0
8400206,2028-07-31,46176.0,20000.0,26176.0,77.0,0.00743,10.172636441606745,0.0,0.0,0.0,0.0,0.0,0.0,0.0,0.0,0.0,26176.0,26176.0,26176.0,26176.0,0.0,0.0,20000.0
8400206,2028-08-01,46176.0,20000.0,26176.0,77.0,0.00743,10.172636441606745,0.0,0.0,0.0,0.0,0.0,0.0,0.0,0.0,0.0,26176.0,26176.0,26176.0,26176.0,0.0,0.0,20000.0
8400206,2028-08-02,46176.0,20000.0,26176.0,77.0,0.00743,10.172636441606745,0.0,0.0,0.0,0.0,0.0,0.0,0.0,0.0,0.0,26176.0,26176.0,26176.0,26176.0,0.0,0.0,20000.0
8400206,2028-08-03,46176.0,20000.0,26176.0,77.0,0.00743,10.172636441606745,0.0,0.0,0.0,0.0,0.0,0.0,0.0,0.0,0.0,26176.0,26176.0,26176.0,26176.0,0.0,0.0,20000.0
8400206,2028-08-04,46176.0,20000.0,26176.0,77.0,0.00743,10.172636441606745,0.0,0.0,0.0,0.0,0.0,0.0,0.0,0.0,0.0,26176.0,26176.0,26176.0,26176.0,0.0,0.0,20000.0
8400206,2028-08-05,46176.0,20000.0,26176.0,77.0,0.00743,10.172636441606745,0.0,0.0,0.0,0.0,0.0,0.0,0.0,0.0,0.0,26176.0,26176.0,26176.0,26176.0,0.0,0.0,20000.0
8400206,2028-08-06,46176.0,20000.0,26176.0,77.0,0.00743,10.172636441606745,0.0,0.0,0.0,0.0,0.0,0.0,0.0,0.0,0.0,26176.0,26176.0,26176.0,26176.0,0.0,0.0,20000.0
8400206,2028-08-07,46176.0,20000.0,26176.0,77.0,0.00743,10.172636441606745,0.0,0.0,0.0,0.0,0.0,0.0,0.0,0.0,0.0,26176.0,26176.0,26176.0,26176.0,0.0,0.0,20000.0
8400206,2028-08-08,46176.0,20000.0,26176.0,77.0,0.00743,10.172636441606745,0.0,0.0,0.0,0.0,0.0,0.0,0.0,0.0,0.0,26176.0,26176.0,26176.0,26176.0,0.0,0.0,20000.0
8400206,2028-08-09,46176.0,20000.0,26176.0,77.0,0.00743,10.172636441606745,0.0,0.0,0.0,0.0,0.0,0.0,0.0,0.0,0.0,26176.0,26176.0,26176.0,26176.0,0.0,0.0,20000.0
8400206,2028-08-10,46176.0,20000.0,26176.0,77.0,0.00743,10.172636441606745,0.0,0.0,0.0,0.0,0.0,0.0,0.0,0.0,0.0,26176.0,26176.0,26176.0,26176.0,0.0,0.0,20000.0
8400206,2028-08-11,46176.0,20000.0,26176.0,77.0,0.00743,10.172636441606745,0.0,0.0,0.0,0.0,0.0,0.0,0.0,0.0,0.0,26176.0,26176.0,26176.0,26176.0,0.0,0.0,20000.0
8400206,2028-08-12,46176.0,20000.0,26176.0,77.0,0.00743,10.172636441606745,0.0,0.0,0.0,0.0,0.0,0.0,0.0,0.0,0.0,26176.0,26176.0,26176.0,26176.0,0.0,0.0,20000.0
8400206,2028-08-13,46176.0,20000.0,26176.0,77.0,0.00743,10.172636441606745,0.0,0.0,0.0,0.0,0.0,0.0,0.0,0.0,0.0,26176.0,26176.0,26176.0,26176.0,0.0,0.0,20000.0
8400206,2028-08-14,46176.0,20000.0,26176.0,77.0,0.00743,10.172636441606745,0.0,0.0,0.0,0.0,0.0,0.0,0.0,0.0,0.0,26176.0,26176.0,26176.0,26176.0,0.0,0.0,20000.0
8400206,2028-08-15,46176.0,20000.0,26176.0,77.0,0.00743,10.172636441606745,0.0,0.0,0.0,0.0,0.0,0.0,0.0,0.0,0.0,26176.0,26176.0,26176.0,26176.0,0.0,0.0,20000.0
8400206,2028-08-16,46176.0,20000.0,26176.0,77.0,0.00743,10.172636441606745,0.0,0.0,0.0,0.0,0.0,0.0,0.0,0.0,0.0,26176.0,26176.0,26176.0,26176.0,0.0,0.0,20000.0
8400206,2028-08-17,46176.0,20000.0,26176.0,77.0,0.00743,10.172636441606745,0.0,0.0,0.0,0.0,0.0,0.0,0.0,0.0,0.0,26176.0,26176.0,26176.0,26176.0,0.0,0.0,20000.0
8400206,2028-08-18,46176.0,20000.0,26176.0,77.0,0.00743,10.172636441606745,0.0,0.0,0.0,0.0,0.0,0.0,0.0,0.0,0.0,26176.0,26176.0,26176.0,26176.0,0.0,0.0,20000.0
8400206,2028-08-19,46176.0,20000.0,26176.0,77.0,0.00743,10.172636441606745,0.0,0.0,0.0,0.0,0.0,0.0,0.0,0.0,0.0,26176.0,26176.0,26176.0,26176.0,0.0,0.0,20000.0
8400206,2028-08-20,46176.0,20000.0,26176.0,77.0,0.00743,10.172636441606745,0.0,0.0,0.0,0.0,0.0,0.0,0.0,0.0,0.0,26176.0,26176.0,26176.0,26176.0,0.0,0.0,20000.0
8400206,2028-08-21,46176.0,20000.0,26176.0,77.0,0.00743,10.172636441606745,0.0,0.0,0.0,0.0,0.0,0.0,0.0,0.0,0.0,26176.0,26176.0,26176.0,26176.0,0.0,0.0,20000.0
8400206,2028-08-22,46176.0,20000.0,26176.0,77.0,0.00743,10.172636441606745,0.0,0.0,0.0,0.0,0.0,0.0,0.0,0.0,0.0,26176.0,26176.0,26176.0,26176.0,0.0,0.0,20000.0
8400206,2028-08-23,46176.0,20000.0,26176.0,77.0,0.00743,10.172636441606745,0.0,0.0,0.0,0.0,0.0,0.0,0.0,0.0,0.0,26176.0,26176.0,26176.0,26176.0,0.0,0.0,20000.0
8400206,2028-08-24,46176.0,20000.0,26176.0,77.0,0.00743,10.172636441606745,0.0,0.0,0.0,0.0,0.0,0.0,0.0,0.0,0.0,26176.0,26176.0,26176.0,26176.0,0.0,0.0,20000.0
8400206,2028-08-25,46176.0,20000.0,26176.0,77.0,0.00743,10.172636441606745,0.0,0.0,0.0,0.0,0.0,0.0,0.0,0.0,0.0,26176.0,26176.0,26176.0,26176.0,0.0,0.0,20000.0
8400206,2028-08-26,46176.0,20000.0,26176.0,77.0,0.00743,10.172636441606745,0.0,0.0,0.0,0.0,0.0,0.0,0.0,0.0,0.0,26176.0,26176.0,26176.0,26176.0,0.0,0.0,20000.0
8400206,2028-08-27,46176.0,20000.0,26176.0,77.0,0.00743,10.172636441606745,0.0,0.0,0.0,0.0,0.0,0.0,0.0,0.0,0.0,26176.0,26176.0,26176.0,26176.0,0.0,0.0,20000.0
8400206,2028-08-28,46176.0,20000.0,26176.0,77.0,0.00743,10.172636441606745,0.0,0.0,0.0,0.0,0.0,0.0,0.0,0.0,0.0,26176.0,26176.0,26176.0,26176.0,0.0,0.0,20000.0
8400206,2028-08-29,46176.0,20000.0,26176.0,77.0,0.00743,10.172636441606745,0.0,0.0,0.0,0.0,0.0,0.0,0.0,0.0,0.0,26176.0,26176.0,26176.0,26176.0,0.0,0.0,20000.0
8400206,2028-08-30,46176.0,20000.0,26176.0,77.0,0.00743,10.172636441606745,0.0,0.0,0.0,0.0,0.0,0.0,0.0,0.0,0.0,26176.0,26176.0,26176.0,26176.0,0.0,0.0,20000.0
8400206,2028-08-31,46176.0,20000.0,26176.0,77.0,0.00743,10.172636441606745,0.0,0.0,0.0,0.0,0.0,0.0,0.0,0.0,0.0,26176.0,26176.0,26176.0,26176.0,0.0,0.0,20000.0
8400206,2028-09-01,46176.0,20000.0,26176.0,77.0,0.00743,10.172636441606745,0.0,0.0,0.0,0.0,0.0,0.0,0.0,0.0,0.0,26176.0,26176.0,26176.0,26176.0,0.0,0.0,20000.0
8400206,2028-09-02,46176.0,20000.0,26176.0,77.0,0.00743,10.172636441606745,0.0,0.0,0.0,0.0,0.0,0.0,0.0,0.0,0.0,26176.0,26176.0,26176.0,26176.0,0.0,0.0,20000.0
8400206,2028-09-03,46176.0,20000.0,26176.0,77.0,0.00743,10.172636441606745,0.0,0.0,0.0,0.0,0.0,0.0,0.0,0.0,0.0,26176.0,26176.0,26176.0,26176.0,0.0,0.0,20000.0
8400206,2028-09-04,46176.0,20000.0,26176.0,77.0,0.00743,10.172636441606745,0.0,0.0,0.0,0.0,0.0,0.0,0.0,0.0,0.0,26176.0,26176.0,26176.0,26176.0,0.0,0.0,20000.0
8400206,2028-09-05,46176.0,20000.0,26176.0,77.0,0.00743,10.172636441606745,0.0,0.0,0.0,0.0,0.0,0.0,0.0,0.0,0.0,26176.0,26176.0,26176.0,26176.0,0.0,0.0,20000.0
8400206,2028-09-06,46176.0,20000.0,26176.0,77.0,0.00743,10.172636441606745,0.0,0.0,0.0,0.0,0.0,0.0,0.0,0.0,0.0,26176.0,26176.0,26176.0,26176.0,0.0,0.0,20000.0
8400206,2028-09-07,46176.0,20000.0,26176.0,77.0,0.00743,10.172636441606745,0.0,0.0,0.0,0.0,0.0,0.0,0.0,0.0,0.0,26176.0,26176.0,26176.0,26176.0,0.0,0.0,20000.0
8400206,2028-09-08,46176.0,20000.0,26176.0,77.0,0.00743,10.172636441606745,0.0,0.0,0.0,0.0,0.0,0.0,0.0,0.0,0.0,26176.0,26176.0,26176.0,26176.0,0.0,0.0,20000.0
8400206,2028-09-09,46176.0,20000.0,26176.0,77.0,0.00743,10.172636441606745,0.0,0.0,0.0,0.0,0.0,0.0,0.0,0.0,0.0,26176.0,26176.0,26176.0,26176.0,0.0,0.0,20000.0
8400206,2028-09-10,46176.0,20000.0,26176.0,77.0,0.00743,10.172636441606745,0.0,0.0,0.0,0.0,0.0,0.0,0.0,0.0,0.0,26176.0,26176.0,26176.0,26176.0,0.0,0.0,20000.0
8400206,2028-09-11,46176.0,20000.0,26176.0,77.0,0.00743,10.172636441606745,0.0,0.0,0.0,0.0,0.0,0.0,0.0,0.0,0.0,26176.0,26176.0,26176.0,26176.0,0.0,0.0,20000.0
8400206,2028-09-12,46176.0,20000.0,26176.0,77.0,0.00743,10.172636441606745,0.0,0.0,0.0,0.0,0.0,0.0,0.0,0.0,0.0,26176.0,26176.0,26176.0,26176.0,0.0,0.0,20000.0
8400206,2028-09-13,46176.0,20000.0,26176.0,77.0,0.00743,10.172636441606745,0.0,0.0,0.0,0.0,0.0,0.0,0.0,0.0,0.0,26176.0,26176.0,26176.0,26176.0,0.0,0.0,20000.0
8400206,2028-09-14,46176.0,20000.0,26176.0,77.0,0.00743,10.172636441606745,0.0,0.0,0.0,0.0,0.0,0.0,0.0,0.0,0.0,26176.0,26176.0,26176.0,26176.0,0.0,0.0,20000.0
8400206,2028-09-15,46176.0,20000.0,26176.0,77.0,0.00743,10.172636441606745,0.0,0.0,0.0,0.0,0.0,0.0,0.0,0.0,0.0,26176.0,26176.0,26176.0,26176.0,0.0,0.0,20000.0
8400206,2028-09-16,46176.0,20000.0,26176.0,77.0,0.00743,10.172636441606745,0.0,0.0,0.0,0.0,0.0,0.0,0.0,0.0,0.0,26176.0,26176.0,26176.0,26176.0,0.0,0.0,20000.0
8400206,2028-09-17,46176.0,20000.0,26176.0,77.0,0.00743,10.172636441606745,0.0,0.0,0.0,0.0,0.0,0.0,0.0,0.0,0.0,26176.0,26176.0,26176.0,26176.0,0.0,0.0,20000.0
8400206,2028-09-18,46176.0,20000.0,26176.0,77.0,0.00743,10.172636441606745,0.0,0.0,0.0,0.0,0.0,0.0,0.0,0.0,0.0,26176.0,26176.0,26176.0,26176.0,0.0,0.0,20000.0
8400206,2028-09-19,46176.0,20000.0,26176.0,77.0,0.00743,10.172636441606745,0.0,0.0,0.0,0.0,0.0,0.0,0.0,0.0,0.0,26176.0,26176.0,26176.0,26176.0,0.0,0.0,20000.0
8400206,2028-09-20,46176.0,20000.0,26176.0,77.0,0.00743,10.172636441606745,0.0,0.0,0.0,0.0,0.0,0.0,0.0,0.0,0.0,26176.0,26176.0,26176.0,26176.0,0.0,0.0,20000.0
8400206,2028-09-21,46176.0,20000.0,26176.0,77.0,0.00743,10.172636441606745,0.0,0.0,0.0,0.0,0.0,0.0,0.0,0.0,0.0,26176.0,26176.0,26176.0,26176.0,0.0,0.0,20000.0
8400206,2028-09-22,46176.0,20000.0,26176.0,77.0,0.00743,10.172636441606745,0.0,0.0,0.0,0.0,0.0,0.0,0.0,0.0,0.0,26176.0,26176.0,26176.0,26176.0,0.0,0.0,20000.0
8400206,2028-09-23,46176.0,20000.0,26176.0,77.0,0.00743,10.172636441606745,0.0,0.0,0.0,0.0,0.0,0.0,0.0,0.0,0.0,26176.0,26176.0,26176.0,26176.0,0.0,0.0,20000.0
8400206,2028-09-24,46176.0,20000.0,26176.0,77.0,0.00743,10.172636441606745,0.0,0.0,0.0,0.0,0.0,0.0,0.0,0.0,0.0,26176.0,26176.0,26176.0,26176.0,0.0,0.0,20000.0
8400206,2028-09-25,46176.0,20000.0,26176.0,77.0,0.00743,10.172636441606745,0.0,0.0,0.0,0.0,0.0,0.0,0.0,0.0,0.0,26176.0,26176.0,26176.0,26176.0,0.0,0.0,20000.0
8400206,2028-09-26,46176.0,20000.0,26176.0,77.0,0.00743,10.172636441606745,0.0,0.0,0.0,0.0,0.0,0.0,0.0,0.0,0.0,26176.0,26176.0,26176.0,26176.0,0.0,0.0,20000.0
8400206,2028-09-27,46176.0,20000.0,26176.0,77.0,0.00743,10.172636441606745,0.0,0.0,0.0,0.0,0.0,0.0,0.0,0.0,0.0,26176.0,26176.0,26176.0,26176.0,0.0,0.0,20000.0
8400206,2028-09-28,46176.0,20000.0,26176.0,77.0,0.00743,10.172636441606745,0.0,0.0,0.0,0.0,0.0,0.0,0.0,0.0,0.0,26176.0,26176.0,26176.0,26176.0,0.0,0.0,20000.0
8400206,2028-09-29,46176.0,20000.0,26176.0,77.0,0.00743,10.172636441606745,0.0,0.0,0.0,0.0,0.0,0.0,0.0,0.0,0.0,26176.0,26176.0,26176.0,26176.0,0.0,0.0,20000.0
8400206,2028-09-30,46176.0,20000.0,26176.0,77.0,0.00743,10.172636441606745,0.0,0.0,0.0,0.0,0.0,0.0,0.0,0.0,0.0,26176.0,26176.0,26176.0,26176.0,0.0,0.0,20000.0
8400206,2028-10-01,46176.0,20000.0,26176.0,77.0,0.00743,10.172636441606745,0.0,0.0,0.0,0.0,0.0,0.0,0.0,0.0,0.0,26176.0,26176.0,26176.0,26176.0,0.0,0.0,20000.0
8400206,2028-10-02,46176.0,20000.0,26176.0,77.0,0.00743,10.172636441606745,0.0,0.0,0.0,0.0,0.0,0.0,0.0,0.0,0.0,26176.0,26176.0,26176.0,26176.0,0.0,0.0,20000.0
8400206,2028-10-03,46176.0,20000.0,26176.0,77.0,0.00743,10.172636441606745,0.0,0.0,0.0,0.0,0.0,0.0,0.0,0.0,0.0,26176.0,26176.0,26176.0,26176.0,0.0,0.0,20000.0
8400206,2028-10-04,46176.0,20000.0,26176.0,77.0,0.00743,10.172636441606745,0.0,0.0,0.0,0.0,0.0,0.0,0.0,0.0,0.0,26176.0,26176.0,26176.0,26176.0,0.0,0.0,20000.0
8400206,2028-10-05,46176.0,20000.0,26176.0,77.0,0.00743,10.172636441606745,0.0,0.0,0.0,0.0,0.0,0.0,0.0,0.0,0.0,26176.0,26176.0,26176.0,26176.0,0.0,0.0,20000.0
8400206,2028-10-06,46176.0,20000.0,26176.0,77.0,0.00743,10.172636441606745,0.0,0.0,0.0,0.0,0.0,0.0,0.0,0.0,0.0,26176.0,26176.0,26176.0,26176.0,0.0,0.0,20000.0
8400206,2028-10-07,46176.0,20000.0,26176.0,77.0,0.00743,10.172636441606745,0.0,0.0,0.0,0.0,0.0,0.0,0.0,0.0,0.0,26176.0,26176.0,26176.0,26176.0,0.0,0.0,20000.0
8400206,2028-10-08,46176.0,20000.0,26176.0,77.0,0.00743,10.172636441606745,0.0,0.0,0.0,0.0,0.0,0.0,0.0,0.0,0.0,26176.0,26176.0,26176.0,26176.0,0.0,0.0,20000.0
8400206,2028-10-09,46176.0,20000.0,26176.0,77.0,0.00743,10.172636441606745,0.0,0.0,0.0,0.0,0.0,0.0,0.0,0.0,0.0,26176.0,26176.0,26176.0,26176.0,0.0,0.0,20000.0
8400206,2028-10-10,46176.0,20000.0,26176.0,77.0,0.00743,10.172636441606745,0.0,0.0,0.0,0.0,0.0,0.0,0.0,0.0,0.0,26176.0,26176.0,26176.0,26176.0,0.0,0.0,20000.0
8400206,2028-10-11,46176.0,20000.0,26176.0,77.0,0.00743,10.172636441606745,0.0,0.0,0.0,0.0,0.0,0.0,0.0,0.0,0.0,26176.0,26176.0,26176.0,26176.0,0.0,0.0,20000.0
8400206,2028-10-12,46176.0,20000.0,26176.0,77.0,0.00743,10.172636441606745,0.0,0.0,0.0,0.0,0.0,0.0,0.0,0.0,0.0,26176.0,26176.0,26176.0,26176.0,0.0,0.0,20000.0
8400206,2028-10-13,46176.0,20000.0,26176.0,77.0,0.00743,10.172636441606745,0.0,0.0,0.0,0.0,0.0,0.0,0.0,0.0,0.0,26176.0,26176.0,26176.0,26176.0,0.0,0.0,20000.0
8400206,2028-10-14,46176.0,20000.0,26176.0,77.0,0.00743,10.172636441606745,0.0,0.0,0.0,0.0,0.0,0.0,0.0,0.0,0.0,26176.0,26176.0,26176.0,26176.0,0.0,0.0,20000.0
8400206,2028-10-15,46176.0,20000.0,26176.0,77.0,0.00743,10.172636441606745,0.0,0.0,0.0,0.0,0.0,0.0,0.0,0.0,0.0,26176.0,26176.0,26176.0,26176.0,0.0,0.0,20000.0
8400206,2028-10-16,46176.0,20000.0,26176.0,77.0,0.00743,10.172636441606745,0.0,0.0,0.0,0.0,0.0,0.0,0.0,0.0,0.0,26176.0,26176.0,26176.0,26176.0,0.0,0.0,20000.0
8400206,2028-10-17,46176.0,20000.0,26176.0,77.0,0.00743,10.172636441606745,0.0,0.0,0.0,0.0,0.0,0.0,0.0,0.0,0.0,26176.0,26176.0,26176.0,26176.0,0.0,0.0,20000.0
8400206,2028-10-18,46176.0,20000.0,26176.0,77.0,0.00743,10.172636441606745,0.0,0.0,0.0,0.0,0.0,0.0,0.0,0.0,0.0,26176.0,26176.0,26176.0,26176.0,0.0,0.0,20000.0
8400206,2028-10-19,46176.0,20000.0,26176.0,77.0,0.00743,10.172636441606745,0.0,0.0,0.0,0.0,0.0,0.0,0.0,0.0,0.0,26176.0,26176.0,26176.0,26176.0,0.0,0.0,20000.0
8400206,2028-10-20,46176.0,20000.0,26176.0,77.0,0.00743,10.172636441606745,0.0,0.0,0.0,0.0,0.0,0.0,0.0,0.0,0.0,26176.0,26176.0,26176.0,26176.0,0.0,0.0,20000.0
8400206,2028-10-21,46176.0,20000.0,26176.0,77.0,0.00743,10.172636441606745,0.0,0.0,0.0,0.0,0.0,0.0,0.0,0.0,0.0,26176.0,26176.0,26176.0,26176.0,0.0,0.0,20000.0
8400206,2028-10-22,46176.0,20000.0,26176.0,77.0,0.00743,10.172636441606745,0.0,0.0,0.0,0.0,0.0,0.0,0.0,0.0,0.0,26176.0,26176.0,26176.0,26176.0,0.0,0.0,20000.0
8400206,2028-10-23,46176.0,20000.0,26176.0,77.0,0.00743,10.172636441606745,0.0,0.0,0.0,0.0,0.0,0.0,0.0,0.0,0.0,26176.0,26176.0,26176.0,26176.0,0.0,0.0,20000.0
8400206,2028-10-24,46176.0,20000.0,26176.0,77.0,0.00743,10.172636441606745,0.0,0.0,0.0,0.0,0.0,0.0,0.0,0.0,0.0,26176.0,26176.0,26176.0,26176.0,0.0,0.0,20000.0
8400206,2028-10-25,46176.0,20000.0,26176.0,77.0,0.00743,10.172636441606745,0.0,0.0,0.0,0.0,0.0,0.0,0.0,0.0,0.0,26176.0,26176.0,26176.0,26176.0,0.0,0.0,20000.0
8400206,2028-10-26,46176.0,20000.0,26176.0,77.0,0.00743,10.172636441606745,0.0,0.0,0.0,0.0,0.0,0.0,0.0,0.0,0.0,26176.0,26176.0,26176.0,26176.0,0.0,0.0,20000.0
8400206,2028-10-27,46176.0,20000.0,26176.0,77.0,0.00743,10.172636441606745,0.0,0.0,0.0,0.0,0.0,0.0,0.0,0.0,0.0,26176.0,26176.0,26176.0,26176.0,0.0,0.0,20000.0
8400206,2028-10-28,46176.0,20000.0,26176.0,77.0,0.00743,10.172636441606745,0.0,0.0,0.0,0.0,0.0,0.0,0.0,0.0,0.0,26176.0,26176.0,26176.0,26176.0,0.0,0.0,20000.0
8400206,2028-10-29,46176.0,20000.0,26176.0,77.0,0.00743,10.172636441606745,0.0,0.0,0.0,0.0,0.0,0.0,0.0,0.0,0.0,26176.0,26176.0,26176.0,26176.0,0.0,0.0,20000.0
8400206,2028-10-30,46176.0,20000.0,26176.0,77.0,0.00743,10.172636441606745,0.0,0.0,0.0,0.0,0.0,0.0,0.0,0.0,0.0,26176.0,26176.0,26176.0,26176.0,0.0,0.0,20000.0
8400206,2028-10-31,46176.0,20000.0,26176.0,77.0,0.00743,10.172636441606745,0.0,0.0,0.0,0.0,0.0,0.0,0.0,0.0,0.0,26176.0,26176.0,26176.0,26176.0,0.0,0.0,20000.0
8400206,2028-11-01,46176.0,20000.0,26176.0,77.0,0.00743,10.172636441606745,0.0,0.0,0.0,0.0,0.0,0.0,0.0,0.0,0.0,26176.0,26176.0,26176.0,26176.0,0.0,0.0,20000.0
8400206,2028-11-02,46176.0,20000.0,26176.0,77.0,0.00743,10.172636441606745,0.0,0.0,0.0,0.0,0.0,0.0,0.0,0.0,0.0,26176.0,26176.0,26176.0,26176.0,0.0,0.0,20000.0
8400206,2028-11-03,46176.0,20000.0,26176.0,77.0,0.00743,10.172636441606745,0.0,0.0,0.0,0.0,0.0,0.0,0.0,0.0,0.0,26176.0,26176.0,26176.0,26176.0,0.0,0.0,20000.0
8400206,2028-11-04,46176.0,20000.0,26176.0,77.0,0.00743,10.172636441606745,0.0,0.0,0.0,0.0,0.0,0.0,0.0,0.0,0.0,26176.0,26176.0,26176.0,26176.0,0.0,0.0,20000.0
8400206,2028-11-05,46176.0,20000.0,26176.0,77.0,0.00743,10.172636441606745,0.0,0.0,0.0,0.0,0.0,0.0,0.0,0.0,0.0,26176.0,26176.0,26176.0,26176.0,0.0,0.0,20000.0
8400206,2028-11-06,46176.0,20000.0,26176.0,77.0,0.00743,10.172636441606745,0.0,0.0,0.0,0.0,0.0,0.0,0.0,0.0,0.0,26176.0,26176.0,26176.0,26176.0,0.0,0.0,20000.0
8400206,2028-11-07,46176.0,20000.0,26176.0,77.0,0.00743,10.172636441606745,0.0,0.0,0.0,0.0,0.0,0.0,0.0,0.0,0.0,26176.0,26176.0,26176.0,26176.0,0.0,0.0,20000.0
8400206,2028-11-08,46176.0,20000.0,26176.0,77.0,0.00743,10.172636441606745,0.0,0.0,0.0,0.0,0.0,0.0,0.0,0.0,0.0,26176.0,26176.0,26176.0,26176.0,0.0,0.0,20000.0
8400206,2028-11-09,46176.0,20000.0,26176.0,77.0,0.00743,10.172636441606745,0.0,0.0,0.0,0.0,0.0,0.0,0.0,0.0,0.0,26176.0,26176.0,26176.0,26176.0,0.0,0.0,20000.0
8400206,2028-11-10,46176.0,20000.0,26176.0,77.0,0.00743,10.172636441606745,0.0,0.0,0.0,0.0,0.0,0.0,0.0,0.0,0.0,26176.0,26176.0,26176.0,26176.0,0.0,0.0,20000.0
8400206,2028-11-11,46176.0,20000.0,26176.0,77.0,0.00743,10.172636441606745,0.0,0.0,0.0,0.0,0.0,0.0,0.0,0.0,0.0,26176.0,26176.0,26176.0,26176.0,0.0,0.0,20000.0
8400206,2028-11-12,46176.0,20000.0,26176.0,77.0,0.00743,10.172636441606745,0.0,0.0,0.0,0.0,0.0,0.0,0.0,0.0,0.0,26176.0,26176.0,26176.0,26176.0,0.0,0.0,20000.0
8400206,2028-11-13,46176.0,20000.0,26176.0,77.0,0.00743,10.172636441606745,0.0,0.0,0.0,0.0,0.0,0.0,0.0,0.0,0.0,26176.0,26176.0,26176.0,26176.0,0.0,0.0,20000.0
8400206,2028-11-14,46176.0,20000.0,26176.0,77.0,0.00743,10.172636441606745,0.0,0.0,0.0,0.0,0.0,0.0,0.0,0.0,0.0,26176.0,26176.0,26176.0,26176.0,0.0,0.0,20000.0
8400206,2028-11-15,46176.0,20000.0,26176.0,77.0,0.00743,10.172636441606745,0.0,0.0,0.0,0.0,0.0,0.0,0.0,0.0,0.0,26176.0,26176.0,26176.0,26176.0,0.0,0.0,20000.0
8400206,2028-11-16,46176.0,20000.0,26176.0,77.0,0.00743,10.172636441606745,0.0,0.0,0.0,0.0,0.0,0.0,0.0,0.0,0.0,26176.0,26176.0,26176.0,26176.0,0.0,0.0,20000.0
8400206,2028-11-17,46176.0,20000.0,26176.0,77.0,0.00743,10.172636441606745,0.0,0.0,0.0,0.0,0.0,0.0,0.0,0.0,0.0,26176.0,26176.0,26176.0,26176.0,0.0,0.0,20000.0
8400206,2028-11-18,46176.0,20000.0,26176.0,77.0,0.00743,10.172636441606745,0.0,0.0,0.0,0.0,0.0,0.0,0.0,0.0,0.0,26176.0,26176.0,26176.0,26176.0,0.0,0.0,20000.0
8400206,2028-11-19,46176.0,20000.0,26176.0,77.0,0.00743,10.172636441606745,0.0,0.0,0.0,0.0,0.0,0.0,0.0,0.0,0.0,26176.0,26176.0,26176.0,26176.0,0.0,0.0,20000.0
8400206,2028-11-20,46176.0,20000.0,26176.0,77.0,0.00743,10.172636441606745,0.0,0.0,0.0,0.0,0.0,0.0,0.0,0.0,0.0,26176.0,26176.0,26176.0,26176.0,0.0,0.0,20000.0
8400206,2028-11-21,46176.0,20000.0,26176.0,77.0,0.00743,10.172636441606745,0.0,0.0,0.0,0.0,0.0,0.0,0.0,0.0,0.0,26176.0,26176.0,26176.0,26176.0,0.0,0.0,20000.0
8400206,2028-11-22,46176.0,20000.0,26176.0,77.0,0.00743,10.172636441606745,0.0,0.0,0.0,0.0,0.0,0.0,0.0,0.0,0.0,26176.0,26176.0,26176.0,26176.0,0.0,0.0,20000.0
8400206,2028-11-23,46176.0,20000.0,26176.0,77.0,0.00743,10.172636441606745,0.0,0.0,0.0,0.0,0.0,0.0,0.0,0.0,0.0,26176.0,26176.0,26176.0,26176.0,0.0,0.0,20000.0
8400206,2028-11-24,46176.0,20000.0,26176.0,77.0,0.00743,10.172636441606745,0.0,0.0,0.0,0.0,0.0,0.0,0.0,0.0,0.0,26176.0,26176.0,26176.0,26176.0,0.0,0.0,20000.0
8400206,2028-11-25,46176.0,20000.0,26176.0,77.0,0.00743,10.172636441606745,0.0,0.0,0.0,0.0,0.0,0.0,0.0,0.0,0.0,26176.0,26176.0,26176.0,26176.0,0.0,0.0,20000.0
8400206,2028-11-26,46176.0,20000.0,26176.0,77.0,0.00743,10.172636441606745,0.0,0.0,0.0,0.0,0.0,0.0,0.0,0.0,0.0,26176.0,26176.0,26176.0,26176.0,0.0,0.0,20000.0
8400206,2028-11-27,46176.0,20000.0,26176.0,77.0,0.00743,10.172636441606745,0.0,0.0,0.0,0.0,0.0,0.0,0.0,0.0,0.0,26176.0,26176.0,26176.0,26176.0,0.0,0.0,20000.0
8400206,2028-11-28,46176.0,20000.0,26176.0,77.0,0.00743,10.172636441606745,0.0,0.0,0.0,0.0,0.0,0.0,0.0,0.0,0.0,26176.0,26176.0,26176.0,26176.0,0.0,0.0,20000.0
8400206,2028-11-29,46176.0,20000.0,26176.0,77.0,0.00743,10.172636441606745,0.0,0.0,0.0,0.0,0.0,0.0,0.0,0.0,0.0,26176.0,26176.0,26176.0,26176.0,0.0,0.0,20000.0
8400206,2028-11-30,45826.0,20000.0,25826.0,77.0,0.00743,10.159175735326064,0.0,0.0,0.0,0.0,0.0,0.0,0.0,0.0,0.0,26176.0,26176.0,26176.0,26176.0,0.0,0.0,20000.0
8400206,2028-12-01,45826.0,20000.0,25826.0,77.0,0.00743,10.159175735326064,0.0,1.7129785913749407,5.860786223465865,2.062135794582243,5.860786223465865,2.323419179896888,5.860786223465865,2.966357664874087,5.860786223465865,26126.0,26163.5,26171.454545454544,26173.727272727272,0.0,0.0,20000.0
8400206,2028-12-02,45826.0,20000.0,25826.0,77.0,0.00743,10.159175735326064,0.0,1.7129785913749407,5.860786223465865,2.062135794582243,5.860786223465865,2.323419179896888,5.860786223465865,2.966357664874087,5.860786223465865,26076.0,26151.0,26166.909090909092,26171.454545454544,0.0,0.0,20000.0
8400206,2028-12-03,45826.0,20000.0,25826.0,77.0,0.00743,10.159175735326064,0.0,1.7129785913749407,5.860786223465865,2.062135794582243,5.860786223465865,2.323419179896888,5.860786223465865,2.966357664874087,5.860786223465865,26026.0,26138.5,26162.363636363636,26169.18181818182,0.0,0.0,20000.0
8400206,2028-12-04,45826.0,20000.0,25826.0,77.0,0.00743,10.159175735326064,0.0,1.7129785913749407,5.860786223465865,2.062135794582243,5.860786223465865,2.323419179896888,5.860786223465865,2.966357664874087,5.860786223465865,25976.0,26126.0,26157.81818181818,26166.909090909092,0.0,0.0,20000.0
8400206,2028-12-05,45826.0,20000.0,25826.0,77.0,0.00743,10.159175735326064,0.0,1.7129785913749407,5.860786223465865,2.062135794582243,5.860786223465865,2.323419179896888,5.860786223465865,2.966357664874087,5.860786223465865,25926.0,26113.5,26153.272727272728,26164.636363636364,0.0,0.0,20000.0
8400206,2028-12-06,45826.0,20000.0,25826.0,77.0,0.00743,10.159175735326064,0.0,1.7129785913749407,5.860786223465865,2.062135794582243,5.860786223465865,2.323419179896888,5.860786223465865,2.966357664874087,5.860786223465865,25876.0,26101.0,26148.727272727272,26162.363636363636,0.0,0.0,20000.0
8400206,2028-12-07,45826.0,20000.0,25826.0,77.0,0.00743,10.159175735326064,0.0,1.7129785913749407,5.860786223465865,2.062135794582243,5.860786223465865,2.323419179896888,5.860786223465865,2.966357664874087,5.860786223465865,25826.0,26088.5,26144.18181818182,26160.090909090908,0.0,0.0,20000.0
8400206,2028-12-08,45826.0,20000.0,25826.0,77.0,0.00743,10.159175735326064,0.0,1.7129785913749407,5.860786223465865,2.062135794582243,5.860786223465865,2.323419179896888,5.860786223465865,2.966357664874087,5.860786223465865,25826.0,26076.0,26139.636363636364,26157.81818181818,0.0,0.0,20000.0
8400206,2028-12-09,45826.0,20000.0,25826.0,77.0,0.00743,10.159175735326064,0.0,1.7129785913749407,5.860786223465865,2.062135794582243,5.860786223465865,2.323419179896888,5.860786223465865,2.966357664874087,5.860786223465865,25826.0,26063.5,26135.090909090908,26155.545454545456,0.0,0.0,20000.0
8400206,2028-12-10,45826.0,20000.0,25826.0,77.0,0.00743,10.159175735326064,0.0,1.7129785913749407,5.860786223465865,2.062135794582243,5.860786223465865,2.323419179896888,5.860786223465865,2.966357664874087,5.860786223465865,25826.0,26051.0,26130.545454545456,26153.272727272728,0.0,0.0,20000.0
8400206,2028-12-11,45826.0,20000.0,25826.0,77.0,0.00743,10.159175735326064,0.0,1.7129785913749407,5.860786223465865,2.062135794582243,5.860786223465865,2.323419179896888,5.860786223465865,2.966357664874087,5.860786223465865,25826.0,26038.5,26126.0,26151.0,0.0,0.0,20000.0
8400206,2028-12-12,44926.0,20000.0,24926.0,77.0,0.00743,10.123706832333092,0.0,1.7129785913749407,5.860786223465865,2.062135794582243,5.860786223465865,2.323419179896888,5.860786223465865,2.966357664874087,5.860786223465865,25826.0,26026.0,26121.454545454544,26148.727272727272,0.0,0.0,20000.0
8400206,2028-12-13,44926.0,20000.0,24926.0,77.0,0.00743,10.123706832333092,0.0,2.8468706124785235,6.803505257608338,3.2390628457881796,6.803505257608338,3.523259746937913,6.803505257608338,4.201545488547947,6.803505257608338,25697.428571428572,25981.35714285714,26105.22077922078,26140.61038961039,0.0,12.180892,20000.0
8400206,2028-12-14,44926.0,20000.0,24926.0,77.0,0.00743,10.123706832333092,0.0,2.8468706124785235,6.803505257608338,3.2390628457881796,6.803505257608338,3.523259746937913,6.803505257608338,4.201545488547947,6.803505257608338,25568.85714285714,25936.714285714286,26088.987012987014,26132.493506493505,0.0,12.180892,20000.0
8400206,2028-12-15,44926.0,20000.0,24926.0,77.0,0.00743,10.123706832333092,0.0,2.8468706124785235,6.803505257608338,3.2390628457881796,6.803505257608338,3.523259746937913,6.803505257608338,4.201545488547947,6.803505257608338,25440.285714285714,25892.071428571428,26072.753246753247,26124.376623376622,0.0,12.180892,20000.0
8400206,2028-12-16,44926.0,20000.0,24926.0,77.0,0.00743,10.123706832333092,0.0,2.8468706124785235,6.803505257608338,3.2390628457881796,6.803505257608338,3.523259746937913,6.803505257608338,4.201545488547947,6.803505257608338,25311.714285714286,25847.428571428572,26056.51948051948,26116.25974025974,0.0,12.180892,20000.0
8400206,2028-12-17,44926.0,20000.0,24926.0,77.0,0.00743,10.123706832333092,0.0,2.8468706124785235,6.803505257608338,3.2390628457881796,6.803505257608338,3.523259746937913,6.803505257608338,4.201545488547947,6.803505257608338,25183.14285714286,25802.785714285714,26040.285714285714,26108.14285714286,0.0,12.180892,20000.0
8400206,2028-12-18,44926.0,20000.0,24926.0,77.0,0.00743,10.123706832333092,0.0,2.8468706124785235,6.803505257608338,3.2390628457881796,6.803505257608338,3.523259746937913,6.803505257608338,4.201545488547947,6.803505257608338,25054.571428571428,25758.14285714286,26024.051948051947,26100.025974025975,0.0,12.180892,20000.0
8400206,2028-12-19,44926.0,20000.0,24926.0,77.0,0.00743,10.123706832333092,0.0,2.8468706124785235,6.803505257608338,3.2390628457881796,6.803505257608338,3.523259746937913,6.803505257608338,4.201545488547947,6.803505257608338,24926.0,25713.5,26007.81818181818,26091.909090909092,0.0,12.180892,20000.0
8400206,2028-12-20,44926.0,20000.0,24926.0,77.0,0.00743,10.123706832333092,0.0,2.8468706124785235,6.803505257608338,3.2390628457881796,6.803505257608338,3.523259746937913,6.803505257608338,3.8788471431892466,6.803505257608338,24926.0,25668.85714285714,25991.584415584417,26083.79220779221,0.0,12.180892,20000.0
8400206,2028-12-21,44926.0,20000.0,24926.0,77.0,0.00743,10.123706832333092,0.0,2.8468706124785235,6.803505257608338,3.2390628457881796,6.803505257608338,3.523259746937913,6.803505257608338,3.8788471431892466,6.803505257608338,24926.0,25624.214285714286,25975.35064935065,26075.675324675325,0.0,12.180892,20000.0
8400206,2028-12-22,44926.0,20000.0,24926.0,77.0,0.00743,10.123706832333092,0.0,2.8468706124785235,6.803505257608338,3.2390628457881796,6.803505257608338,3.523259746937913,6.803505257608338,3.8788471431892466,6.803505257608338,24926.0,25579.571428571428,25959.116883116883,26067.55844155844,0.0,12.180892,20000.0
8400206,2028-12-23,44926.0,20000.0,24926.0,77.0,0.00743,10.123706832333092,0.0,2.8468706124785235,6.803505257608338,3.2390628457881796,6.803505257608338,3.523259746937913,6.803505257608338,3.8788471431892466,6.803505257608338,24926.0,25534.928571428572,25942.883116883117,26059.44155844156,0.0,12.180892,20000.0
8400206,2028-12-24,44926.0,20000.0,24926.0,77.0,0.00743,10.123706832333092,0.0,2.8468706124785235,6.803505257608338,3.2390628457881796,6.803505257608338,3.523259746937913,6.803505257608338,3.8788471431892466,6.803505257608338,24926.0,25490.285714285714,25926.64935064935,26051.324675324675,0.0,12.180892,20000.0
8400206,2028-12-25,44926.0,20000.0,24926.0,77.0,0.00743,10.123706832333092,0.0,2.8468706124785235,6.803505257608338,3.2390628457881796,6.803505257608338,3.523259746937913,6.803505257608338,3.8788471431892466,6.803505257608338,24926.0,25445.64285714286,25910.415584415583,26043.20779220779,0.0,12.180892,20000.0
8400206,2028-12-26,44926.0,20000.0,24926.0,77.0,0.00743,10.123706832333092,0.0,2.8468706124785235,6.803505257608338,3.2390628457881796,6.803505257608338,3.523259746937913,6.803505257608338,3.8788471431892466,6.803505257608338,24926.0,25401.0,25894.18181818182,26035.090909090908,0.0,12.180892,20000.0
8400206,2028-12-27,44926.0,20000.0,24926.0,77.0,0.00743,10.123706832333092,0.0,2.8468706124785235,6.803505257608338,3.2390628457881796,6.803505257608338,3.523259746937913,6.803505257608338,3.8788471431892466,6.803505257608338,24926.0,25356.35714285714,25877.948051948053,26026.974025974025,0.0,12.180892,20000.0
8400206,2028-12-28,44926.0,20000.0,24926.0,77.0,0.00743,10.123706832333092,0.0,2.8468706124785235,6.803505257608338,3.2390628457881796,6.803505257608338,3.523259746937913,6.803505257608338,3.8788471431892466,6.803505257608338,24926.0,25311.714285714286,25861.714285714286,26018.85714285714,0.0,12.180892,20000.0
8400206,2028-12-29,44926.0,20000.0,24926.0,77.0,0.00743,10.123706832333092,0.0,2.8468706124785235,6.803505257608338,3.2390628457881796,6.803505257608338,3.523259746937913,6.803505257608338,3.8788471431892466,6.803505257608338,24926.0,25279.571428571428,25845.48051948052,26010.74025974026,0.0,12.180892,20000.0
8400206,2028-12-30,44926.0,20000.0,24926.0,77.0,0.00743,10.123706832333092,0.0,2.8468706124785235,6.803505257608338,3.2390628457881796,6.803505257608338,3.523259746937913,6.803505257608338,3.8788471431892466,6.803505257608338,24926.0,25247.428571428572,25829.246753246753,26002.623376623378,0.0,12.180892,20000.0
8400206,2028-12-31,44926.0,20000.0,24926.0,77.0,0.00743,10.123706832333092,0.0,2.8468706124785235,6.803505257608338,3.2390628457881796,6.803505257608338,3.523259746937913,6.803505257608338,3.8788471431892466,6.803505257608338,24926.0,25215.285714285714,25813.012987012986,25994.506493506495,0.0,12.180892,20000.0
8400206,2029-01-01,44926.0,20000.0,24926.0,77.0,0.00743,10.123706832333092,0.0,2.8468706124785235,6.803505257608338,3.2390628457881796,6.803505257608338,3.523259746937913,6.803505257608338,0.0,0.0,24926.0,25183.14285714286,25796.77922077922,25986.38961038961,0.0,0.0,20000.0
8400206,2029-01-02,44926.0,20000.0,24926.0,77.0,0.00743,10.123706832333092,0.0,2.8468706124785235,6.803505257608338,3.2390628457881796,6.803505257608338,3.523259746937913,6.803505257608338,0.0,0.0,24926.0,25151.0,25780.545454545456,25978.272727272728,0.0,0.0,20000.0
8400206,2029-01-03,44926.0,20000.0,24926.0,77.0,0.00743,10.123706832333092,0.0,2.8468706124785235,6.803505257608338,3.2390628457881796,6.803505257608338,3.523259746937913,6.803505257608338,0.0,0.0,24926.0,25118.85714285714,25764.31168831169,25970.155844155845,0.0,0.0,20000.0
8400206,2029-01-04,44926.0,20000.0,24926.0,77.0,0.00743,10.123706832333092,0.0,2.8468706124785235,6.803505257608338,3.2390628457881796,6.803505257608338,3.523259746937913,6.803505257608338,0.0,0.0,24926.0,25086.714285714286,25748.077922077922,25962.03896103896,0.0,0.0,20000.0
8400206,2029-01-05,44926.0,20000.0,24926.0,77.0,0.00743,10.123706832333092,0.0,2.8468706124785235,6.803505257608338,3.2390628457881796,6.803505257608338,3.523259746937913,6.803505257608338,0.0,0.0,24926.0,25054.571428571428,25731.844155844155,25953.922077922078,0.0,0.0,20000.0
8400206,2029-01-06,44926.0,20000.0,24926.0,77.0,0.00743,10.123706832333092,0.0,2.8468706124785235,6.803505257608338,3.2390628457881796,6.803505257608338,3.523259746937913,6.803505257608338,0.0,0.0,24926.0,25022.428571428572,25715.61038961039,25945.805194805194,0.0,0.0,20000.0
8400206,2029-01-07,44926.0,20000.0,24926.0,77.0,0.00743,10.123706832333092,0.0,2.8468706124785235,6.803505257608338,3.2390628457881796,6.803505257608338,3.523259746937913,6.803505257608338,0.0,0.0,24926.0,24990.285714285714,25699.376623376622,25937.68831168831,0.0,0.0,20000.0
8400206,2029-01-08,44926.0,20000.0,24926.0,77.0,0.00743,10.123706832333092,0.0,2.8468706124785235,6.803505257608338,3.2390628457881796,6.803505257608338,3.206163789279839,6.803505257608338,0.0,0.0,24926.0,24958.14285714286,25683.14285714286,25929.571428571428,0.0,0.0,20000.0
8400206,2029-01-09,44926.0,20000.0,24926.0,77.0,0.00743,10.123706832333092,0.0,2.8468706124785235,6.803505257608338,3.2390628457881796,6.803505257608338,3.206163789279839,6.803505257608338,0.0,0.0,24926.0,24926.0,25666.909090909092,25921.454545454544,0.0,0.0,20000.0
8400206,2029-01-10,44926.0,20000.0,24926.0,77.0,0.00743,10.123706832333092,0.0,2.8468706124785235,6.803505257608338,3.2390628457881796,6.803505257608338,3.206163789279839,6.803505257608338,0.0,0.0,24926.0,24926.0,25650.675324675325,25913.33766233766,0.0,0.0,20000.0
8400206,2029-01-11,44926.0,20000.0,24926.0,77.0,0.00743,10.123706832333092,0.0,2.8468706124785235,6.803505257608338,3.2390628457881796,6.803505257608338,3.206163789279839,6.803505257608338,0.0,0.0,24926.0,24926.0,25634.44155844156,25905.22077922078,0.0,0.0,20000.0
8400206,2029-01-12,44926.0,20000.0,24926.0,77.0,0.00743,10.123706832333092,0.0,2.8468706124785235,6.803505257608338,3.2390628457881796,6.803505257608338,3.206163789279839,6.803505257608338,0.0,0.0,24926.0,24926.0,25618.20779220779,25897.103896103898,0.0,0.0,20000.0
8400206,2029-01-13,44926.0,20000.0,24926.0,77.0,0.00743,10.123706832333092,0.0,2.8468706124785235,6.803505257608338,3.2390628457881796,6.803505257608338,3.206163789279839,6.803505257608338,0.0,0.0,24926.0,24926.0,25601.974025974025,25888.987012987014,0.0,0.0,20000.0
8400206,2029-01-14,44926.0,20000.0,24926.0,77.0,0.00743,10.123706832333092,0.0,2.8468706124785235,6.803505257608338,3.2390628457881796,6.803505257608338,3.206163789279839,6.803505257608338,0.0,0.0,24926.0,24926.0,25585.74025974026,25880.87012987013,0.0,0.0,20000.0
8400206,2029-01-15,44926.0,20000.0,24926.0,77.0,0.00743,10.123706832333092,0.0,2.8468706124785235,6.803505257608338,3.2390628457881796,6.803505257608338,3.206163789279839,6.803505257608338,0.0,0.0,24926.0,24926.0,25569.506493506495,25872.753246753247,0.0,0.0,20000.0
8400206,2029-01-16,44926.0,20000.0,24926.0,77.0,0.00743,10.123706832333092,0.0,2.8468706124785235,6.803505257608338,3.2390628457881796,6.803505257608338,3.206163789279839,6.803505257608338,0.0,0.0,24926.0,24926.0,25553.272727272728,25864.636363636364,0.0,0.0,20000.0
8400206,2029-01-17,44926.0,20000.0,24926.0,77.0,0.00743,10.123706832333092,0.0,2.8468706124785235,6.803505257608338,3.2390628457881796,6.803505257608338,3.206163789279839,6.803505257608338,0.0,0.0,24926.0,24926.0,25537.03896103896,25856.51948051948,0.0,0.0,20000.0
8400206,2029-01-18,44926.0,20000.0,24926.0,77.0,0.00743,10.123706832333092,0.0,2.8468706124785235,6.803505257608338,3.2390628457881796,6.803505257608338,3.206163789279839,6.803505257608338,0.0,0.0,24926.0,24926.0,25520.805194805194,25848.402597402597,0.0,0.0,20000.0
8400206,2029-01-19,44926.0,20000.0,24926.0,77.0,0.00743,10.123706832333092,0.0,2.8468706124785235,6.803505257608338,3.2390628457881796,6.803505257608338,3.206163789279839,6.803505257608338,0.0,0.0,24926.0,24926.0,25504.571428571428,25840.285714285714,0.0,0.0,20000.0
8400206,2029-01-20,44926.0,20000.0,24926.0,77.0,0.00743,10.123706832333092,0.0,2.8468706124785235,6.803505257608338,3.2390628457881796,6.803505257608338,0.0,0.0,0.0,0.0,24926.0,24926.0,25488.33766233766,25832.16883116883,0.0,0.0,20000.0
8400206,2029-01-21,44926.0,20000.0,24926.0,77.0,0.00743,10.123706832333092,0.0,2.8468706124785235,6.803505257608338,2.9256884298210646,6.803505257608338,0.0,0.0,0.0,0.0,24926.0,24926.0,25472.103896103898,25824.051948051947,0.0,0.0,20000.0
8400206,2029-01-22,44926.0,20000.0,24926.0,77.0,0.00743,10.123706832333092,0.0,2.8468706124785235,6.803505257608338,2.9256884298210646,6.803505257608338,0.0,0.0,0.0,0.0,24926.0,24926.0,25455.87012987013,25815.935064935064,0.0,0.0,20000.0
8400206,2029-01-23,44926.0,20000.0,24926.0,77.0,0.00743,10.123706832333092,0.0,2.8468706124785235,6.803505257608338,2.9256884298210646,6.803505257608338,0.0,0.0,0.0,0.0,24926.0,24926.0,25439.636363636364,25807.81818181818,0.0,0.0,20000.0
8400206,2029-01-24,44926.0,20000.0,24926.0,77.0,0.00743,10.123706832333092,0.0,2.8468706124785235,6.803505257608338,2.9256884298210646,6.803505257608338,0.0,0.0,0.0,0.0,24926.0,24926.0,25423.402597402597,25799.7012987013,0.0,0.0,20000.0
8400206,2029-01-25,44926.0,20000.0,24926.0,77.0,0.00743,10.123706832333092,0.0,2.8468706124785235,6.803505257608338,2.9256884298210646,6.803505257608338,0.0,0.0,0.0,0.0,24926.0,24926.0,25407.16883116883,25791.584415584417,0.0,0.0,20000.0
8400206,2029-01-26,44926.0,20000.0,24926.0,77.0,0.00743,10.123706832333092,0.0,2.8468706124785235,6.803505257608338,2.9256884298210646,6.803505257608338,0.0,0.0,0.0,0.0,24926.0,24926.0,25390.935064935064,25783.467532467534,0.0,0.0,20000.0
8400206,2029-01-27,44926.0,20000.0,24926.0,77.0,0.00743,10.123706832333092,0.0,2.8468706124785235,6.803505257608338,2.9256884298210646,6.803505257608338,0.0,0.0,0.0,0.0,24926.0,24926.0,25374.7012987013,25775.35064935065,0.0,0.0,20000.0
8400206,2029-01-28,44926.0,20000.0,24926.0,77.0,0.00743,10.123706832333092,0.0,2.8468706124785235,6.803505257608338,2.9256884298210646,6.803505257608338,0.0,0.0,0.0,0.0,24926.0,24926.0,25358.467532467534,25767.233766233767,0.0,0.0,20000.0
8400206,2029-01-29,44926.0,20000.0,24926.0,77.0,0.00743,10.123706832333092,0.0,2.8468706124785235,6.803505257608338,2.9256884298210646,6.803505257608338,0.0,0.0,0.0,0.0,24926.0,24926.0,25342.233766233767,25759.116883116883,0.0,0.0,20000.0
8400206,2029-01-30,44926.0,20000.0,24926.0,77.0,0.00743,10.123706832333092,0.0,2.8468706124785235,6.803505257608338,2.9256884298210646,6.803505257608338,0.0,0.0,0.0,0.0,24926.0,24926.0,25326.0,25751.0,0.0,0.0,20000.0
8400206,2029-01-31,44926.0,20000.0,24926.0,77.0,0.00743,10.123706832333092,0.0,2.8468706124785235,6.803505257608338,2.9256884298210646,6.803505257608338,0.0,0.0,0.0,0.0,24926.0,24926.0,25309.766233766233,25742.883116883117,0.0,0.0,20000.0
8400206,2029-02-01,44926.0,20000.0,24926.0,77.0,0.00743,10.123706832333092,0.0,2.8468706124785235,6.803505257608338,2.9256884298210646,6.803505257608338,0.0,0.0,0.0,0.0,24926.0,24926.0,25293.532467532466,25734.766233766233,0.0,0.0,20000.0
8400206,2029-02-02,44926.0,20000.0,24926.0,77.0,0.00743,10.123706832333092,0.0,2.8468706124785235,6.803505257608338,0.0,0.0,0.0,0.0,0.0,0.0,24926.0,24926.0,25277.2987012987,25726.64935064935,0.0,0.0,20000.0
8400206,2029-02-03,44926.0,20000.0,24926.0,77.0,0.00743,10.123706832333092,0.0,2.8468706124785235,6.803505257608338,0.0,0.0,0.0,0.0,0.0,0.0,24926.0,24926.0,25261.064935064936,25718.532467532466,0.0,0.0,20000.0
8400206,2029-02-04,44926.0,20000.0,24926.0,77.0,0.00743,10.123706832333092,0.0,2.8468706124785235,6.803505257608338,0.0,0.0,0.0,0.0,0.0,0.0,24926.0,24926.0,25244.83116883117,25710.415584415583,0.0,0.0,20000.0
8400206,2029-02-05,44926.0,20000.0,24926.0,77.0,0.00743,10.123706832333092,0.0,2.8468706124785235,6.803505257608338,0.0,0.0,0.0,0.0,0.0,0.0,24926.0,24926.0,25228.597402597403,25702.2987012987,0.0,0.0,20000.0
8400206,2029-02-06,44926.0,20000.0,24926.0,77.0,0.00743,10.123706832333092,0.0,2.8468706124785235,6.803505257608338,0.0,0.0,0.0,0.0,0.0,0.0,24926.0,24926.0,25212.363636363636,25694.18181818182,0.0,0.0,20000.0
8400206,2029-02-07,44926.0,20000.0,24926.0,77.0,0.00743,10.123706832333092,0.0,2.8468706124785235,6.803505257608338,0.0,0.0,0.0,0.0,0.0,0.0,24926.0,24926.0,25196.12987012987,25686.064935064936,0.0,0.0,20000.0
8400206,2029-02-08,44926.0,20000.0,24926.0,77.0,0.00743,10.123706832333092,0.0,2.8468706124785235,6.803505257608338,0.0,0.0,0.0,0.0,0.0,0.0,24926.0,24926.0,25179.896103896102,25677.948051948053,0.0,0.0,20000.0
8400206,2029-02-09,44926.0,20000.0,24926.0,77.0,0.00743,10.123706832333092,0.0,2.8468706124785235,6.803505257608338,0.0,0.0,0.0,0.0,0.0,0.0,24926.0,24926.0,25163.66233766234,25669.83116883117,0.0,0.0,20000.0
8400206,2029-02-10,44926.0,20000.0,24926.0,77.0,0.00743,10.123706832333092,0.0,2.8468706124785235,6.803505257608338,0.0,0.0,0.0,0.0,0.0,0.0,24926.0,24926.0,25147.428571428572,25661.714285714286,0.0,0.0,20000.0
8400206,2029-02-11,44926.0,20000.0,24926.0,77.0,0.00743,10.123706832333092,0.0,2.8468706124785235,6.803505257608338,0.0,0.0,0.0,0.0,0.0,0.0,24926.0,24926.0,25131.194805194806,25653.597402597403,0.0,0.0,20000.0
8400206,2029-02-12,44926.0,20000.0,24926.0,77.0,0.00743,10.123706832333092,0.0,2.8468706124785235,6.803505257608338,0.0,0.0,0.0,0.0,0.0,0.0,24926.0,24926.0,25114.96103896104,25645.48051948052,0.0,0.0,20000.0
8400206,2029-02-13,44926.0,20000.0,24926.0,77.0,0.00743,10.123706832333092,0.0,2.8468706124785235,6.803505257608338,0.0,0.0,0.0,0.0,0.0,0.0,24926.0,24926.0,25098.727272727272,25637.363636363636,0.0,0.0,20000.0
8400206,2029-02-14,44926.0,20000.0,24926.0,77.0,0.00743,10.123706832333092,0.0,2.8468706124785235,6.803505257608338,0.0,0.0,0.0,0.0,0.0,0.0,24926.0,24926.0,25082.493506493505,25629.246753246753,0.0,0.0,20000.0
8400206,2029-02-15,44926.0,20000.0,24926.0,77.0,0.00743,10.123706832333092,0.0,2.8468706124785235,6.803505257608338,0.0,0.0,0.0,0.0,0.0,0.0,24926.0,24926.0,25066.25974025974,25621.12987012987,0.0,0.0,20000.0
8400206,2029-02-16,44926.0,20000.0,24926.0,77.0,0.00743,10.123706832333092,0.0,2.540681230189099,6.803505257608338,0.0,0.0,0.0,0.0,0.0,0.0,24926.0,24926.0,25054.571428571428,25613.012987012986,0.0,0.0,20000.0
8400206,2029-02-17,44926.0,20000.0,24926.0,77.0,0.00743,10.123706832333092,0.0,2.540681230189099,6.803505257608338,0.0,0.0,0.0,0.0,0.0,0.0,24926.0,24926.0,25042.883116883117,25604.896103896102,0.0,0.0,20000.0
8400206,2029-02-18,44926.0,20000.0,24926.0,77.0,0.00743,10.123706832333092,0.0,2.540681230189099,6.803505257608338,0.0,0.0,0.0,0.0,0.0,0.0,24926.0,24926.0,25031.194805194806,25596.77922077922,0.0,0.0,20000.0
8400206,2029-02-19,44926.0,20000.0,24926.0,77.0,0.00743,10.123706832333092,0.0,2.540681230189099,6.803505257608338,0.0,0.0,0.0,0.0,0.0,0.0,24926.0,24926.0,25019.506493506495,25588.66233766234,0.0,0.0,20000.0
8400206,2029-02-20,44926.0,20000.0,24926.0,77.0,0.00743,10.123706832333092,0.0,2.540681230189099,6.803505257608338,0.0,0.0,0.0,0.0,0.0,0.0,24926.0,24926.0,25007.81818181818,25580.545454545456,0.0,0.0,20000.0
8400206,2029-02-21,44926.0,20000.0,24926.0,77.0,0.00743,10.123706832333092,0.0,2.540681230189099,6.803505257608338,0.0,0.0,0.0,0.0,0.0,0.0,24926.0,24926.0,24996.12987012987,25572.428571428572,0.0,0.0,20000.0
8400206,2029-02-22,44926.0,20000.0,24926.0,77.0,0.00743,10.123706832333092,0.0,2.540681230189099,6.803505257608338,0.0,0.0,0.0,0.0,0.0,0.0,24926.0,24926.0,24984.44155844156,25564.31168831169,0.0,0.0,20000.0
8400206,2029-02-23,44926.0,20000.0,24926.0,77.0,0.00743,10.123706832333092,0.0,2.540681230189099,6.803505257608338,0.0,0.0,0.0,0.0,0.0,0.0,24926.0,24926.0,24972.753246753247,25556.194805194806,0.0,0.0,20000.0
8400206,2029-02-24,44926.0,20000.0,24926.0,77.0,0.00743,10.123706832333092,0.0,2.540681230189099,6.803505257608338,0.0,0.0,0.0,0.0,0.0,0.0,24926.0,24926.0,24961.064935064936,25548.077922077922,0.0,0.0,20000.0
8400206,2029-02-25,44926.0,20000.0,24926.0,77.0,0.00743,10.123706832333092,0.0,2.540681230189099,6.803505257608338,0.0,0.0,0.0,0.0,0.0,0.0,24926.0,24926.0,24949.376623376622,25539.96103896104,0.0,0.0,20000.0
8400206,2029-02-26,44926.0,20000.0,24926.0,77.0,0.00743,10.123706832333092,0.0,2.540681230189099,6.803505257608338,0.0,0.0,0.0,0.0,0.0,0.0,24926.0,24926.0,24937.68831168831,25531.844155844155,0.0,0.0,20000.0
8400206,2029-02-27,44926.0,20000.0,24926.0,77.0,0.00743,10.123706832333092,0.0,2.540681230189099,6.803505257608338,0.0,0.0,0.0,0.0,0.0,0.0,24926.0,24926.0,24926.0,25523.727272727272,0.0,0.0,20000.0
8400206,2029-02-28,44926.0,20000.0,24926.0,77.0,0.00743,10.123706832333092,0.0,0.0,0.0,0.0,0.0,0.0,0.0,0.0,0.0,24926.0,24926.0,24926.0,25515.61038961039,0.0,0.0,20000.0
8400206,2029-03-01,44926.0,20000.0,24926.0,77.0,0.00743,10.123706832333092,0.0,0.0,0.0,0.0,0.0,0.0,0.0,0.0,0.0,24926.0,24926.0,24926.0,25507.493506493505,0.0,0.0,20000.0
8400206,2029-03-02,44926.0,20000.0,24926.0,77.0,0.00743,10.123706832333092,0.0,0.0,0.0,0.0,0.0,0.0,0.0,0.0,0.0,24926.0,24926.0,24926.0,25499.376623376622,0.0,0.0,20000.0
8400206,2029-03-03,44926.0,20000.0,24926.0,77.0,0.00743,10.123706832333092,0.0,0.0,0.0,0.0,0.0,0.0,0.0,0.0,0.0,24926.0,24926.0,24926.0,25491.25974025974,0.0,0.0,20000.0
8400206,2029-03-04,44926.0,20000.0,24926.0,77.0,0.00743,10.123706832333092,0.0,0.0,0.0,0.0,0.0,0.0,0.0,0.0,0.0,24926.0,24926.0,24926.0,25483.14285714286,0.0,0.0,20000.0
8400206,2029-03-05,44926.0,20000.0,24926.0,77.0,0.00743,10.123706832333092,0.0,0.0,0.0,0.0,0.0,0.0,0.0,0.0,0.0,24926.0,24926.0,24926.0,25475.025974025975,0.0,0.0,20000.0
8400206,2029-03-06,44926.0,20000.0,24926.0,77.0,0.00743,10.123706832333092,0.0,0.0,0.0,0.0,0.0,0.0,0.0,0.0,0.0,24926.0,24926.0,24926.0,25466.909090909092,0.0,0.0,20000.0
8400206,2029-03-07,44926.0,20000.0,24926.0,77.0,0.00743,10.123706832333092,0.0,0.0,0.0,0.0,0.0,0.0,0.0,0.0,0.0,24926.0,24926.0,24926.0,25458.79220779221,0.0,0.0,20000.0
8400206,2029-03-08,44926.0,20000.0,24926.0,77.0,0.00743,10.123706832333092,0.0,0.0,0.0,0.0,0.0,0.0,0.0,0.0,0.0,24926.0,24926.0,24926.0,25450.675324675325,0.0,0.0,20000.0
8400206,2029-03-09,44926.0,20000.0,24926.0,77.0,0.00743,10.123706832333092,0.0,0.0,0.0,0.0,0.0,0.0,0.0,0.0,0.0,24926.0,24926.0,24926.0,25442.55844155844,0.0,0.0,20000.0
8400206,2029-03-10,44926.0,20000.0,24926.0,77.0,0.00743,10.123706832333092,0.0,0.0,0.0,0.0,0.0,0.0,0.0,0.0,0.0,24926.0,24926.0,24926.0,25434.44155844156,0.0,0.0,20000.0
8400206,2029-03-11,44926.0,20000.0,24926.0,77.0,0.00743,10.123706832333092,0.0,0.0,0.0,0.0,0.0,0.0,0.0,0.0,0.0,24926.0,24926.0,24926.0,25426.324675324675,0.0,0.0,20000.0
8400206,2029-03-12,44926.0,20000.0,24926.0,77.0,0.00743,10.123706832333092,0.0,0.0,0.0,0.0,0.0,0.0,0.0,0.0,0.0,24926.0,24926.0,24926.0,25418.20779220779,0.0,0.0,20000.0
8400206,2029-03-13,44926.0,20000.0,24926.0,77.0,0.00743,10.123706832333092,0.0,0.0,0.0,0.0,0.0,0.0,0.0,0.0,0.0,24926.0,24926.0,24926.0,25410.090909090908,0.0,0.0,20000.0
8400206,2029-03-14,44926.0,20000.0,24926.0,77.0,0.00743,10.123706832333092,0.0,0.0,0.0,0.0,0.0,0.0,0.0,0.0,0.0,24926.0,24926.0,24926.0,25401.974025974025,0.0,0.0,20000.0
8400206,2029-03-15,44926.0,20000.0,24926.0,77.0,0.00743,10.123706832333092,0.0,0.0,0.0,0.0,0.0,0.0,0.0,0.0,0.0,24926.0,24926.0,24926.0,25393.85714285714,0.0,0.0,20000.0
8400206,2029-03-16,44926.0,20000.0,24926.0,77.0,0.00743,10.123706832333092,0.0,0.0,0.0,0.0,0.0,0.0,0.0,0.0,0.0,24926.0,24926.0,24926.0,25385.74025974026,0.0,0.0,20000.0
8400206,2029-03-17,44926.0,20000.0,24926.0,77.0,0.00743,10.123706832333092,0.0,0.0,0.0,0.0,0.0,0.0,0.0,0.0,0.0,24926.0,24926.0,24926.0,25377.623376623378,0.0,0.0,20000.0
8400206,2029-03-18,44926.0,20000.0,24926.0,77.0,0.00743,10.123706832333092,0.0,0.0,0.0,0.0,0.0,0.0,0.0,0.0,0.0,24926.0,24926.0,24926.0,25369.506493506495,0.0,0.0,20000.0
8400206,2029-03-19,44926.0,20000.0,24926.0,77.0,0.00743,10.123706832333092,0.0,0.0,0.0,0.0,0.0,0.0,0.0,0.0,0.0,24926.0,24926.0,24926.0,25361.38961038961,0.0,0.0,20000.0
8400206,2029-03-20,44926.0,20000.0,24926.0,77.0,0.00743,10.123706832333092,0.0,0.0,0.0,0.0,0.0,0.0,0.0,0.0,0.0,24926.0,24926.0,24926.0,25353.272727272728,0.0,0.0,20000.0
8400206,2029-03-21,44926.0,20000.0,24926.0,77.0,0.00743,10.123706832333092,0.0,0.0,0.0,0.0,0.0,0.0,0.0,0.0,0.0,24926.0,24926.0,24926.0,25345.155844155845,0.0,0.0,20000.0
8400206,2029-03-22,44926.0,20000.0,24926.0,77.0,0.00743,10.123706832333092,0.0,0.0,0.0,0.0,0.0,0.0,0.0,0.0,0.0,24926.0,24926.0,24926.0,25337.03896103896,0.0,0.0,20000.0
8400206,2029-03-23,44926.0,20000.0,24926.0,77.0,0.00743,10.123706832333092,0.0,0.0,0.0,0.0,0.0,0.0,0.0,0.0,0.0,24926.0,24926.0,24926.0,25328.922077922078,0.0,0.0,20000.0
8400206,2029-03-24,44926.0,20000.0,24926.0,77.0,0.00743,10.123706832333092,0.0,0.0,0.0,0.0,0.0,0.0,0.0,0.0,0.0,24926.0,24926.0,24926.0,25320.805194805194,0.0,0.0,20000.0
8400206,2029-03-25,44926.0,20000.0,24926.0,77.0,0.00743,10.123706832333092,0.0,0.0,0.0,0.0,0.0,0.0,0.0,0.0,0.0,24926.0,24926.0,24926.0,25312.68831168831,0.0,0.0,20000.0
8400206,2029-03-26,44926.0,20000.0,24926.0,77.0,0.00743,10.123706832333092,0.0,0.0,0.0,0.0,0.0,0.0,0.0,0.0,0.0,24926.0,24926.0,24926.0,25304.571428571428,0.0,0.0,20000.0
8400206,2029-03-27,44926.0,20000.0,24926.0,77.0,0.00743,10.123706832333092,0.0,0.0,0.0,0.0,0.0,0.0,0.0,0.0,0.0,24926.0,24926.0,24926.0,25296.454545454544,0.0,0.0,20000.0
8400206,2029-03-28,44926.0,20000.0,24926.0,77.0,0.00743,10.123706832333092,0.0,0.0,0.0,0.0,0.0,0.0,0.0,0.0,0.0,24926.0,24926.0,24926.0,25288.33766233766,0.0,0.0,20000.0
8400206,2029-03-29,44926.0,20000.0,24926.0,77.0,0.00743,10.123706832333092,0.0,0.0,0.0,0.0,0.0,0.0,0.0,0.0,0.0,24926.0,24926.0,24926.0,25280.22077922078,0.0,0.0,20000.0
8400206,2029-03-30,44926.0,20000.0,24926.0,77.0,0.00743,10.123706832333092,0.0,0.0,0.0,0.0,0.0,0.0,0.0,0.0,0.0,24926.0,24926.0,24926.0,25272.103896103898,0.0,0.0,20000.0
8400206,2029-03-31,44926.0,20000.0,24926.0,77.0,0.00743,10.123706832333092,0.0,0.0,0.0,0.0,0.0,0.0,0.0,0.0,0.0,24926.0,24926.0,24926.0,25263.987012987014,0.0,0.0,20000.0
8400206,2029-04-01,44926.0,20000.0,24926.0,77.0,0.00743,10.123706832333092,0.0,0.0,0.0,0.0,0.0,0.0,0.0,0.0,0.0,24926.0,24926.0,24926.0,25255.87012987013,0.0,0.0,20000.0
8400206,2029-04-02,44926.0,20000.0,24926.0,77.0,0.00743,10.123706832333092,0.0,0.0,0.0,0.0,0.0,0.0,0.0,0.0,0.0,24926.0,24926.0,24926.0,25247.753246753247,0.0,0.0,20000.0
8400206,2029-04-03,44926.0,20000.0,24926.0,77.0,0.00743,10.123706832333092,0.0,0.0,0.0,0.0,0.0,0.0,0.0,0.0,0.0,24926.0,24926.0,24926.0,25239.636363636364,0.0,0.0,20000.0
8400206,2029-04-04,44926.0,20000.0,24926.0,77.0,0.00743,10.123706832333092,0.0,0.0,0.0,0.0,0.0,0.0,0.0,0.0,0.0,24926.0,24926.0,24926.0,25231.51948051948,0.0,0.0,20000.0
8400206,2029-04-05,44926.0,20000.0,24926.0,77.0,0.00743,10.123706832333092,0.0,0.0,0.0,0.0,0.0,0.0,0.0,0.0,0.0,24926.0,24926.0,24926.0,25223.402597402597,0.0,0.0,20000.0
8400206,2029-04-06,44926.0,20000.0,24926.0,77.0,0.00743,10.123706832333092,0.0,0.0,0.0,0.0,0.0,0.0,0.0,0.0,0.0,24926.0,24926.0,24926.0,25215.285714285714,0.0,0.0,20000.0
8400206,2029-04-07,44926.0,20000.0,24926.0,77.0,0.00743,10.123706832333092,0.0,0.0,0.0,0.0,0.0,0.0,0.0,0.0,0.0,24926.0,24926.0,24926.0,25207.16883116883,0.0,0.0,20000.0
8400206,2029-04-08,44926.0,20000.0,24926.0,77.0,0.00743,10.123706832333092,0.0,0.0,0.0,0.0,0.0,0.0,0.0,0.0,0.0,24926.0,24926.0,24926.0,25199.051948051947,0.0,0.0,20000.0
8400206,2029-04-09,44926.0,20000.0,24926.0,77.0,0.00743,10.123706832333092,0.0,0.0,0.0,0.0,0.0,0.0,0.0,0.0,0.0,24926.0,24926.0,24926.0,25190.935064935064,0.0,0.0,20000.0
8400206,2029-04-10,44926.0,20000.0,24926.0,77.0,0.00743,10.123706832333092,0.0,0.0,0.0,0.0,0.0,0.0,0.0,0.0,0.0,24926.0,24926.0,24926.0,25182.81818181818,0.0,0.0,20000.0
8400206,2029-04-11,44926.0,20000.0,24926.0,77.0,0.00743,10.123706832333092,0.0,0.0,0.0,0.0,0.0,0.0,0.0,0.0,0.0,24926.0,24926.0,24926.0,25174.7012987013,0.0,0.0,20000.0
8400206,2029-04-12,44926.0,20000.0,24926.0,77.0,0.00743,10.123706832333092,0.0,0.0,0.0,0.0,0.0,0.0,0.0,0.0,0.0,24926.0,24926.0,24926.0,25166.584415584417,0.0,0.0,20000.0
8400206,2029-04-13,44926.0,20000.0,24926.0,77.0,0.00743,10.123706832333092,0.0,0.0,0.0,0.0,0.0,0.0,0.0,0.0,0.0,24926.0,24926.0,24926.0,25158.467532467534,0.0,0.0,20000.0
8400206,2029-04-14,44926.0,20000.0,24926.0,77.0,0.00743,10.123706832333092,0.0,0.0,0.0,0.0,0.0,0.0,0.0,0.0,0.0,24926.0,24926.0,24926.0,25150.35064935065,0.0,0.0,20000.0
8400206,2029-04-15,44926.0,20000.0,24926.0,77.0,0.00743,10.123706832333092,0.0,0.0,0.0,0.0,0.0,0.0,0.0,0.0,0.0,24926.0,24926.0,24926.0,25142.233766233767,0.0,0.0,20000.0
8400206,2029-04-16,44926.0,20000.0,24926.0,77.0,0.00743,10.123706832333092,0.0,0.0,0.0,0.0,0.0,0.0,0.0,0.0,0.0,24926.0,24926.0,24926.0,25134.116883116883,0.0,0.0,20000.0
8400206,2029-04-17,44926.0,20000.0,24926.0,77.0,0.00743,10.123706832333092,0.0,0.0,0.0,0.0,0.0,0.0,0.0,0.0,0.0,24926.0,24926.0,24926.0,25126.0,0.0,0.0,20000.0
8400206,2029-04-18,44926.0,20000.0,24926.0,77.0,0.00743,10.123706832333092,0.0,0.0,0.0,0.0,0.0,0.0,0.0,0.0,0.0,24926.0,24926.0,24926.0,25117.883116883117,0.0,0.0,20000.0
8400206,2029-04-19,44926.0,20000.0,24926.0,77.0,0.00743,10.123706832333092,0.0,0.0,0.0,0.0,0.0,0.0,0.0,0.0,0.0,24926.0,24926.0,24926.0,25109.766233766233,0.0,0.0,20000.0
8400206,2029-04-20,44926.0,20000.0,24926.0,77.0,0.00743,10.123706832333092,0.0,0.0,0.0,0.0,0.0,0.0,0.0,0.0,0.0,24926.0,24926.0,24926.0,25101.64935064935,0.0,0.0,20000.0
8400206,2029-04-21,44926.0,20000.0,24926.0,77.0,0.00743,10.123706832333092,0.0,0.0,0.0,0.0,0.0,0.0,0.0,0.0,0.0,24926.0,24926.0,24926.0,25093.532467532466,0.0,0.0,20000.0
8400206,2029-04-22,44926.0,20000.0,24926.0,77.0,0.00743,10.123706832333092,0.0,0.0,0.0,0.0,0.0,0.0,0.0,0.0,0.0,24926.0,24926.0,24926.0,25085.415584415583,0.0,0.0,20000.0
8400206,2029-04-23,44926.0,20000.0,24926.0,77.0,0.00743,10.123706832333092,0.0,0.0,0.0,0.0,0.0,0.0,0.0,0.0,0.0,24926.0,24926.0,24926.0,25077.2987012987,0.0,0.0,20000.0
8400206,2029-04-24,44926.0,20000.0,24926.0,77.0,0.00743,10.123706832333092,0.0,0.0,0.0,0.0,0.0,0.0,0.0,0.0,0.0,24926.0,24926.0,24926.0,25069.18181818182,0.0,0.0,20000.0
8400206,2029-04-25,44926.0,20000.0,24926.0,77.0,0.00743,10.123706832333092,0.0,0.0,0.0,0.0,0.0,0.0,0.0,0.0,0.0,24926.0,24926.0,24926.0,25061.064935064936,0.0,0.0,20000.0
8400206,2029-04-26,44926.0,20000.0,24926.0,77.0,0.00743,10.123706832333092,0.0,0.0,0.0,0.0,0.0,0.0,0.0,0.0,0.0,24926.0,24926.0,24926.0,25052.948051948053,0.0,0.0,20000.0
8400206,2029-04-27,44926.0,20000.0,24926.0,77.0,0.00743,10.123706832333092,0.0,0.0,0.0,0.0,0.0,0.0,0.0,0.0,0.0,24926.0,24926.0,24926.0,25044.83116883117,0.0,0.0,20000.0
8400206,2029-04-28,44926.0,20000.0,24926.0,77.0,0.00743,10.123706832333092,0.0,0.0,0.0,0.0,0.0,0.0,0.0,0.0,0.0,24926.0,24926.0,24926.0,25036.714285714286,0.0,0.0,20000.0
8400206,2029-04-29,44926.0,20000.0,24926.0,77.0,0.00743,10.123706832333092,0.0,0.0,0.0,0.0,0.0,0.0,0.0,0.0,0.0,24926.0,24926.0,24926.0,25028.597402597403,0.0,0.0,20000.0
8400206,2029-04-30,44926.0,20000.0,24926.0,77.0,0.00743,10.123706832333092,0.0,0.0,0.0,0.0,0.0,0.0,0.0,0.0,0.0,24926.0,24926.0,24926.0,25020.48051948052,0.0,0.0,20000.0
8400206,2029-05-01,44926.0,20000.0,24926.0,77.0,0.00743,10.123706832333092,0.0,0.0,0.0,0.0,0.0,0.0,0.0,0.0,0.0,24926.0,24926.0,24926.0,25012.363636363636,0.0,0.0,20000.0
8400206,2029-05-02,44926.0,20000.0,24926.0,77.0,0.00743,10.123706832333092,0.0,0.0,0.0,0.0,0.0,0.0,0.0,0.0,0.0,24926.0,24926.0,24926.0,25004.246753246753,0.0,0.0,20000.0
8400206,2029-05-03,44926.0,20000.0,24926.0,77.0,0.00743,10.123706832333092,0.0,0.0,0.0,0.0,0.0,0.0,0.0,0.0,0.0,24926.0,24926.0,24926.0,24996.12987012987,0.0,0.0,20000.0
8400206,2029-05-04,44926.0,20000.0,24926.0,77.0,0.00743,10.123706832333092,0.0,0.0,0.0,0.0,0.0,0.0,0.0,0.0,0.0,24926.0,24926.0,24926.0,24990.285714285714,0.0,0.0,20000.0
8400206,2029-05-05,44926.0,20000.0,24926.0,77.0,0.00743,10.123706832333092,0.0,0.0,0.0,0.0,0.0,0.0,0.0,0.0,0.0,24926.0,24926.0,24926.0,24984.44155844156,0.0,0.0,20000.0
8400206,2029-05-06,44926.0,20000.0,24926.0,77.0,0.00743,10.123706832333092,0.0,0.0,0.0,0.0,0.0,0.0,0.0,0.0,0.0,24926.0,24926.0,24926.0,24978.597402597403,0.0,0.0,20000.0
8400206,2029-05-07,44926.0,20000.0,24926.0,77.0,0.00743,10.123706832333092,0.0,0.0,0.0,0.0,0.0,0.0,0.0,0.0,0.0,24926.0,24926.0,24926.0,24972.753246753247,0.0,0.0,20000.0
8400206,2029-05-08,44926.0,20000.0,24926.0,77.0,0.00743,10.123706832333092,0.0,0.0,0.0,0.0,0.0,0.0,0.0,0.0,0.0,24926.0,24926.0,24926.0,24966.909090909092,0.0,0.0,20000.0
8400206,2029-05-09,44926.0,20000.0,24926.0,77.0,0.00743,10.123706832333092,0.0,0.0,0.0,0.0,0.0,0.0,0.0,0.0,0.0,24926.0,24926.0,24926.0,24961.064935064936,0.0,0.0,20000.0
8400206,2029-05-10,44926.0,20000.0,24926.0,77.0,0.00743,10.123706832333092,0.0,0.0,0.0,0.0,0.0,0.0,0.0,0.0,0.0,24926.0,24926.0,24926.0,24955.22077922078,0.0,0.0,20000.0
8400206,2029-05-11,44926.0,20000.0,24926.0,77.0,0.00743,10.123706832333092,0.0,0.0,0.0,0.0,0.0,0.0,0.0,0.0,0.0,24926.0,24926.0,24926.0,24949.376623376622,0.0,0.0,20000.0
8400206,2029-05-12,44926.0,20000.0,24926.0,77.0,0.00743,10.123706832333092,0.0,0.0,0.0,0.0,0.0,0.0,0.0,0.0,0.0,24926.0,24926.0,24926.0,24943.532467532466,0.0,0.0,20000.0
8400206,2029-05-13,44926.0,20000.0,24926.0,77.0,0.00743,10.123706832333092,0.0,0.0,0.0,0.0,0.0,0.0,0.0,0.0,0.0,24926.0,24926.0,24926.0,24937.68831168831,0.0,0.0,20000.0
8400206,2029-05-14,44926.0,20000.0,24926.0,77.0,0.00743,10.123706832333092,0.0,0.0,0.0,0.0,0.0,0.0,0.0,0.0,0.0,24926.0,24926.0,24926.0,24931.844155844155,0.0,0.0,20000.0
8400206,2029-05-15,44926.0,20000.0,24926.0,77.0,0.00743,10.123706832333092,0.0,0.0,0.0,0.0,0.0,0.0,0.0,0.0,0.0,24926.0,24926.0,24926.0,24926.0,0.0,0.0,20000.0
8400206,2029-05-16,44926.0,20000.0,24926.0,77.0,0.00743,10.123706832333092,0.0,0.0,0.0,0.0,0.0,0.0,0.0,0.0,0.0,24926.0,24926.0,24926.0,24926.0,0.0,0.0,20000.0
8400206,2029-05-17,44926.0,20000.0,24926.0,77.0,0.00743,10.123706832333092,0.0,0.0,0.0,0.0,0.0,0.0,0.0,0.0,0.0,24926.0,24926.0,24926.0,24926.0,0.0,0.0,20000.0
8400206,2029-05-18,44926.0,20000.0,24926.0,77.0,0.00743,10.123706832333092,0.0,0.0,0.0,0.0,0.0,0.0,0.0,0.0,0.0,24926.0,24926.0,24926.0,24926.0,0.0,0.0,20000.0
8400206,2029-05-19,44926.0,20000.0,24926.0,77.0,0.00743,10.123706832333092,0.0,0.0,0.0,0.0,0.0,0.0,0.0,0.0,0.0,24926.0,24926.0,24926.0,24926.0,0.0,0.0,20000.0
8400206,2029-05-20,44926.0,20000.0,24926.0,77.0,0.00743,10.123706832333092,0.0,0.0,0.0,0.0,0.0,0.0,0.0,0.0,0.0,24926.0,24926.0,24926.0,24926.0,0.0,0.0,20000.0
8400206,2029-05-21,44926.0,20000.0,24926.0,77.0,0.00743,10.123706832333092,0.0,0.0,0.0,0.0,0.0,0.0,0.0,0.0,0.0,24926.0,24926.0,24926.0,24926.0,0.0,0.0,20000.0
8400206,2029-05-22,44926.0,20000.0,24926.0,77.0,0.00743,10.123706832333092,0.0,0.0,0.0,0.0,0.0,0.0,0.0,0.0,0.0,24926.0,24926.0,24926.0,24926.0,0.0,0.0,20000.0
8400206,2029-05-23,44926.0,20000.0,24926.0,77.0,0.00743,10.123706832333092,0.0,0.0,0.0,0.0,0.0,0.0,0.0,0.0,0.0,24926.0,24926.0,24926.0,24926.0,0.0,0.0,20000.0
8400206,2029-05-24,44926.0,20000.0,24926.0,77.0,0.00743,10.123706832333092,0.0,0.0,0.0,0.0,0.0,0.0,0.0,0.0,0.0,24926.0,24926.0,24926.0,24926.0,0.0,0.0,20000.0
8400206,2029-05-25,44926.0,20000.0,24926.0,77.0,0.00743,10.123706832333092,0.0,0.0,0.0,0.0,0.0,0.0,0.0,0.0,0.0,24926.0,24926.0,24926.0,24926.0,0.0,0.0,20000.0
8400206,2029-05-26,44926.0,20000.0,24926.0,77.0,0.00743,10.123706832333092,0.0,0.0,0.0,0.0,0.0,0.0,0.0,0.0,0.0,24926.0,24926.0,24926.0,24926.0,0.0,0.0,20000.0
8400206,2029-05-27,44926.0,20000.0,24926.0,77.0,0.00743,10.123706832333092,0.0,0.0,0.0,0.0,0.0,0.0,0.0,0.0,0.0,24926.0,24926.0,24926.0,24926.0,0.0,0.0,20000.0
8400206,2029-05-28,44926.0,20000.0,24926.0,77.0,0.00743,10.123706832333092,0.0,0.0,0.0,0.0,0.0,0.0,0.0,0.0,0.0,24926.0,24926.0,24926.0,24926.0,0.0,0.0,20000.0
8400206,2029-05-29,44926.0,20000.0,24926.0,77.0,0.00743,10.123706832333092,0.0,0.0,0.0,0.0,0.0,0.0,0.0,0.0,0.0,24926.0,24926.0,24926.0,24926.0,0.0,0.0,20000.0
8400206,2029-05-30,44926.0,20000.0,24926.0,77.0,0.00743,10.123706832333092,0.0,0.0,0.0,0.0,0.0,0.0,0.0,0.0,0.0,24926.0,24926.0,24926.0,24926.0,0.0,0.0,20000.0
8400206,2029-05-31,44926.0,20000.0,24926.0,77.0,0.00743,10.123706832333092,0.0,0.0,0.0,0.0,0.0,0.0,0.0,0.0,0.0,24926.0,24926.0,24926.0,24926.0,0.0,0.0,20000.0
8400206,2029-06-01,44926.0,20000.0,24926.0,77.0,0.00743,10.123706832333092,0.0,0.0,0.0,0.0,0.0,0.0,0.0,0.0,0.0,24926.0,24926.0,24926.0,24926.0,0.0,0.0,20000.0
8400206,2029-06-02,44926.0,20000.0,24926.0,77.0,0.00743,10.123706832333092,0.0,0.0,0.0,0.0,0.0,0.0,0.0,0.0,0.0,24926.0,24926.0,24926.0,24926.0,0.0,0.0,20000.0
8400206,2029-06-03,44926.0,20000.0,24926.0,77.0,0.00743,10.123706832333092,0.0,0.0,0.0,0.0,0.0,0.0,0.0,0.0,0.0,24926.0,24926.0,24926.0,24926.0,0.0,0.0,20000.0
8400206,2029-06-04,44926.0,20000.0,24926.0,77.0,0.00743,10.123706832333092,0.0,0.0,0.0,0.0,0.0,0.0,0.0,0.0,0.0,24926.0,24926.0,24926.0,24926.0,0.0,0.0,20000.0
8400206,2029-06-05,44926.0,20000.0,24926.0,77.0,0.00743,10.123706832333092,0.0,0.0,0.0,0.0,0.0,0.0,0.0,0.0,0.0,24926.0,24926.0,24926.0,24926.0,0.0,0.0,20000.0
8400206,2029-06-06,44926.0,20000.0,24926.0,77.0,0.00743,10.123706832333092,0.0,0.0,0.0,0.0,0.0,0.0,0.0,0.0,0.0,24926.0,24926.0,24926.0,24926.0,0.0,0.0,20000.0
8400206,2029-06-07,44926.0,20000.0,24926.0,77.0,0.00743,10.123706832333092,0.0,0.0,0.0,0.0,0.0,0.0,0.0,0.0,0.0,24926.0,24926.0,24926.0,24926.0,0.0,0.0,20000.0
8400206,2029-06-08,44926.0,20000.0,24926.0,77.0,0.00743,10.123706832333092,0.0,0.0,0.0,0.0,0.0,0.0,0.0,0.0,0.0,24926.0,24926.0,24926.0,24926.0,0.0,0.0,20000.0
8400206,2029-06-09,44926.0,20000.0,24926.0,77.0,0.00743,10.123706832333092,0.0,0.0,0.0,0.0,0.0,0.0,0.0,0.0,0.0,24926.0,24926.0,24926.0,24926.0,0.0,0.0,20000.0
8400206,2029-06-10,44926.0,20000.0,24926.0,77.0,0.00743,10.123706832333092,0.0,0.0,0.0,0.0,0.0,0.0,0.0,0.0,0.0,24926.0,24926.0,24926.0,24926.0,0.0,0.0,20000.0
8400206,2029-06-11,44926.0,20000.0,24926.0,77.0,0.00743,10.123706832333092,0.0,0.0,0.0,0.0,0.0,0.0,0.0,0.0,0.0,24926.0,24926.0,24926.0,24926.0,0.0,0.0,20000.0
8400206,2029-06-12,44926.0,20000.0,24926.0,77.0,0.00743,10.123706832333092,0.0,0.0,0.0,0.0,0.0,0.0,0.0,0.0,0.0,24926.0,24926.0,24926.0,24926.0,0.0,0.0,20000.0
8400206,2029-06-13,44926.0,20000.0,24926.0,77.0,0.00743,10.123706832333092,0.0,0.0,0.0,0.0,0.0,0.0,0.0,0.0,0.0,24926.0,24926.0,24926.0,24926.0,0.0,0.0,20000.0
8400206,2029-06-14,44926.0,20000.0,24926.0,77.0,0.00743,10.123706832333092,0.0,0.0,0.0,0.0,0.0,0.0,0.0,0.0,0.0,24926.0,24926.0,24926.0,24926.0,0.0,0.0,20000.0
8400206,2029-06-15,44926.0,20000.0,24926.0,77.0,0.00743,10.123706832333092,0.0,0.0,0.0,0.0,0.0,0.0,0.0,0.0,0.0,24926.0,24926.0,24926.0,24926.0,0.0,0.0,20000.0
8400206,2029-06-16,44926.0,20000.0,24926.0,77.0,0.00743,10.123706832333092,0.0,0.0,0.0,0.0,0.0,0.0,0.0,0.0,0.0,24926.0,24926.0,24926.0,24926.0,0.0,0.0,20000.0
8400206,2029-06-17,44926.0,20000.0,24926.0,77.0,0.00743,10.123706832333092,0.0,0.0,0.0,0.0,0.0,0.0,0.0,0.0,0.0,24926.0,24926.0,24926.0,24926.0,0.0,0.0,20000.0
8400206,2029-06-18,44926.0,20000.0,24926.0,77.0,0.00743,10.123706832333092,0.0,0.0,0.0,0.0,0.0,0.0,0.0,0.0,0.0,24926.0,24926.0,24926.0,24926.0,0.0,0.0,20000.0
8400206,2029-06-19,44926.0,20000.0,24926.0,77.0,0.00743,10.123706832333092,0.0,0.0,0.0,0.0,0.0,0.0,0.0,0.0,0.0,24926.0,24926.0,24926.0,24926.0,0.0,0.0,20000.0
8400206,2029-06-20,44926.0,20000.0,24926.0,77.0,0.00743,10.123706832333092,0.0,0.0,0.0,0.0,0.0,0.0,0.0,0.0,0.0,24926.0,24926.0,24926.0,24926.0,0.0,0.0,20000.0
8400206,2029-06-21,44926.0,20000.0,24926.0,77.0,0.00743,10.123706832333092,0.0,0.0,0.0,0.0,0.0,0.0,0.0,0.0,0.0,24926.0,24926.0,24926.0,24926.0,0.0,0.0,20000.0
8400206,2029-06-22,44926.0,20000.0,24926.0,77.0,0.00743,10.123706832333092,0.0,0.0,0.0,0.0,0.0,0.0,0.0,0.0,0.0,24926.0,24926.0,24926.0,24926.0,0.0,0.0,20000.0
8400206,2029-06-23,44926.0,20000.0,24926.0,77.0,0.00743,10.123706832333092,0.0,0.0,0.0,0.0,0.0,0.0,0.0,0.0,0.0,24926.0,24926.0,24926.0,24926.0,0.0,0.0,20000.0
8400206,2029-06-24,44926.0,20000.0,24926.0,77.0,0.00743,10.123706832333092,0.0,0.0,0.0,0.0,0.0,0.0,0.0,0.0,0.0,24926.0,24926.0,24926.0,24926.0,0.0,0.0,20000.0
8400206,2029-06-25,44926.0,20000.0,24926.0,77.0,0.00743,10.123706832333092,0.0,0.0,0.0,0.0,0.0,0.0,0.0,0.0,0.0,24926.0,24926.0,24926.0,24926.0,0.0,0.0,20000.0
8400206,2029-06-26,44926.0,20000.0,24926.0,77.0,0.00743,10.123706832333092,0.0,0.0,0.0,0.0,0.0,0.0,0.0,0.0,0.0,24926.0,24926.0,24926.0,24926.0,0.0,0.0,20000.0
8400206,2029-06-27,44926.0,20000.0,24926.0,77.0,0.00743,10.123706832333092,0.0,0.0,0.0,0.0,0.0,0.0,0.0,0.0,0.0,24926.0,24926.0,24926.0,24926.0,0.0,0.0,20000.0
8400206,2029-06-28,44926.0,20000.0,24926.0,77.0,0.00743,10.123706832333092,0.0,0.0,0.0,0.0,0.0,0.0,0.0,0.0,0.0,24926.0,24926.0,24926.0,24926.0,0.0,0.0,20000.0
8400206,2029-06-29,44926.0,20000.0,24926.0,77.0,0.00743,10.123706832333092,0.0,0.0,0.0,0.0,0.0,0.0,0.0,0.0,0.0,24926.0,24926.0,24926.0,24926.0,0.0,0.0,20000.0
8400206,2029-06-30,44926.0,20000.0,24926.0,77.0,0.00743,10.123706832333092,0.0,0.0,0.0,0.0,0.0,0.0,0.0,0.0,0.0,24926.0,24926.0,24926.0,24926.0,0.0,0.0,20000.0
8400206,2029-07-01,44926.0,20000.0,24926.0,77.0,0.00743,10.123706832333092,0.0,0.0,0.0,0.0,0.0,0.0,0.0,0.0,0.0,24926.0,24926.0,24926.0,24926.0,0.0,0.0,20000.0
8400206,2029-07-02,44926.0,20000.0,24926.0,77.0,0.00743,10.123706832333092,0.0,0.0,0.0,0.0,0.0,0.0,0.0,0.0,0.0,24926.0,24926.0,24926.0,24926.0,0.0,0.0,20000.0
8400206,2029-07-03,44926.0,20000.0,24926.0,77.0,0.00743,10.123706832333092,0.0,0.0,0.0,0.0,0.0,0.0,0.0,0.0,0.0,24926.0,24926.0,24926.0,24926.0,0.0,0.0,20000.0
8400206,2029-07-04,44926.0,20000.0,24926.0,77.0,0.00743,10.123706832333092,0.0,0.0,0.0,0.0,0.0,0.0,0.0,0.0,0.0,24926.0,24926.0,24926.0,24926.0,0.0,0.0,20000.0
8400206,2029-07-05,44926.0,20000.0,24926.0,77.0,0.00743,10.123706832333092,0.0,0.0,0.0,0.0,0.0,0.0,0.0,0.0,0.0,24926.0,24926.0,24926.0,24926.0,0.0,0.0,20000.0
8400206,2029-07-06,44926.0,20000.0,24926.0,77.0,0.00743,10.123706832333092,0.0,0.0,0.0,0.0,0.0,0.0,0.0,0.0,0.0,24926.0,24926.0,24926.0,24926.0,0.0,0.0,20000.0
8400206,2029-07-07,44926.0,20000.0,24926.0,77.0,0.00743,10.123706832333092,0.0,0.0,0.0,0.0,0.0,0.0,0.0,0.0,0.0,24926.0,24926.0,24926.0,24926.0,0.0,0.0,20000.0
8400206,2029-07-08,44926.0,20000.0,24926.0,77.0,0.00743,10.123706832333092,0.0,0.0,0.0,0.0,0.0,0.0,0.0,0.0,0.0,24926.0,24926.0,24926.0,24926.0,0.0,0.0,20000.0
8400206,2029-07-09,44926.0,20000.0,24926.0,77.0,0.00743,10.123706832333092,0.0,0.0,0.0,0.0,0.0,0.0,0.0,0.0,0.0,24926.0,24926.0,24926.0,24926.0,0.0,0.0,20000.0
8400206,2029-07-10,44926.0,20000.0,24926.0,77.0,0.00743,10.123706832333092,0.0,0.0,0.0,0.0,0.0,0.0,0.0,0.0,0.0,24926.0,24926.0,24926.0,24926.0,0.0,0.0,20000.0
8400206,2029-07-11,44926.0,20000.0,24926.0,77.0,0.00743,10.123706832333092,0.0,0.0,0.0,0.0,0.0,0.0,0.0,0.0,0.0,24926.0,24926.0,24926.0,24926.0,0.0,0.0,20000.0
8400206,2029-07-12,44926.0,20000.0,24926.0,77.0,0.00743,10.123706832333092,0.0,0.0,0.0,0.0,0.0,0.0,0.0,0.0,0.0,24926.0,24926.0,24926.0,24926.0,0.0,0.0,20000.0
8400206,2029-07-13,44926.0,20000.0,24926.0,77.0,0.00743,10.123706832333092,0.0,0.0,0.0,0.0,0.0,0.0,0.0,0.0,0.0,24926.0,24926.0,24926.0,24926.0,0.0,0.0,20000.0
8400206,2029-07-14,44926.0,20000.0,24926.0,77.0,0.00743,10.123706832333092,0.0,0.0,0.0,0.0,0.0,0.0,0.0,0.0,0.0,24926.0,24926.0,24926.0,24926.0,0.0,0.0,20000.0
8400206,2029-07-15,44926.0,20000.0,24926.0,77.0,0.00743,10.123706832333092,0.0,0.0,0.0,0.0,0.0,0.0,0.0,0.0,0.0,24926.0,24926.0,24926.0,24926.0,0.0,0.0,20000.0
8400206,2029-07-16,44926.0,20000.0,24926.0,77.0,0.00743,10.123706832333092,0.0,0.0,0.0,0.0,0.0,0.0,0.0,0.0,0.0,24926.0,24926.0,24926.0,24926.0,0.0,0.0,20000.0
8400206,2029-07-17,44926.0,20000.0,24926.0,77.0,0.00743,10.123706832333092,0.0,0.0,0.0,0.0,0.0,0.0,0.0,0.0,0.0,24926.0,24926.0,24926.0,24926.0,0.0,0.0,20000.0
8400206,2029-07-18,44926.0,20000.0,24926.0,77.0,0.00743,10.123706832333092,0.0,0.0,0.0,0.0,0.0,0.0,0.0,0.0,0.0,24926.0,24926.0,24926.0,24926.0,0.0,0.0,20000.0
8400206,2029-07-19,44926.0,20000.0,24926.0,77.0,0.00743,10.123706832333092,0.0,0.0,0.0,0.0,0.0,0.0,0.0,0.0,0.0,24926.0,24926.0,24926.0,24926.0,0.0,0.0,20000.0
8400206,2029-07-20,44926.0,20000.0,24926.0,77.0,0.00743,10.123706832333092,0.0,0.0,0.0,0.0,0.0,0.0,0.0,0.0,0.0,24926.0,24926.0,24926.0,24926.0,0.0,0.0,20000.0
8400206,2029-07-21,44926.0,20000.0,24926.0,77.0,0.00743,10.123706832333092,0.0,0.0,0.0,0.0,0.0,0.0,0.0,0.0,0.0,24926.0,24926.0,24926.0,24926.0,0.0,0.0,20000.0
8400206,2029-07-22,44926.0,20000.0,24926.0,77.0,0.00743,10.123706832333092,0.0,0.0,0.0,0.0,0.0,0.0,0.0,0.0,0.0,24926.0,24926.0,24926.0,24926.0,0.0,0.0,20000.0
8400206,2029-07-23,44926.0,20000.0,24926.0,77.0,0.00743,10.123706832333092,0.0,0.0,0.0,0.0,0.0,0.0,0.0,0.0,0.0,24926.0,24926.0,24926.0,24926.0,0.0,0.0,20000.0
8400206,2029-07-24,44926.0,20000.0,24926.0,77.0,0.00743,10.123706832333092,0.0,0.0,0.0,0.0,0.0,0.0,0.0,0.0,0.0,24926.0,24926.0,24926.0,24926.0,0.0,0.0,20000.0
8400206,2029-07-25,44926.0,20000.0,24926.0,77.0,0.00743,10.123706832333092,0.0,0.0,0.0,0.0,0.0,0.0,0.0,0.0,0.0,24926.0,24926.0,24926.0,24926.0,0.0,0.0,20000.0
8400206,2029-07-26,44926.0,20000.0,24926.0,77.0,0.00743,10.123706832333092,0.0,0.0,0.0,0.0,0.0,0.0,0.0,0.0,0.0,24926.0,24926.0,24926.0,24926.0,0.0,0.0,20000.0
8400206,2029-07-27,44926.0,20000.0,24926.0,77.0,0.00743,10.123706832333092,0.0,0.0,0.0,0.0,0.0,0.0,0.0,0.0,0.0,24926.0,24926.0,24926.0,24926.0,0.0,0.0,20000.0
8400206,2029-07-28,44926.0,20000.0,24926.0,77.0,0.00743,10.123706832333092,0.0,0.0,0.0,0.0,0.0,0.0,0.0,0.0,0.0,24926.0,24926.0,24926.0,24926.0,0.0,0.0,20000.0
8400206,2029-07-29,44926.0,20000.0,24926.0,77.0,0.00743,10.123706832333092,0.0,0.0,0.0,0.0,0.0,0.0,0.0,0.0,0.0,24926.0,24926.0,24926.0,24926.0,0.0,0.0,20000.0
8400206,2029-07-30,44926.0,20000.0,24926.0,77.0,0.00743,10.123706832333092,0.0,0.0,0.0,0.0,0.0,0.0,0.0,0.0,0.0,24926.0,24926.0,24926.0,24926.0,0.0,0.0,20000.0
8400206,2029-07-31,44926.0,20000.0,24926.0,77.0,0.00743,10.123706832333092,0.0,0.0,0.0,0.0,0.0,0.0,0.0,0.0,0.0,24926.0,24926.0,24926.0,24926.0,0.0,0.0,20000.0
8400206,2029-08-01,44926.0,20000.0,24926.0,77.0,0.00743,10.123706832333092,0.0,0.0,0.0,0.0,0.0,0.0,0.0,0.0,0.0,24926.0,24926.0,24926.0,24926.0,0.0,0.0,20000.0
8400206,2029-08-02,44926.0,20000.0,24926.0,77.0,0.00743,10.123706832333092,0.0,0.0,0.0,0.0,0.0,0.0,0.0,0.0,0.0,24926.0,24926.0,24926.0,24926.0,0.0,0.0,20000.0
8400206,2029-08-03,44926.0,20000.0,24926.0,77.0,0.00743,10.123706832333092,0.0,0.0,0.0,0.0,0.0,0.0,0.0,0.0,0.0,24926.0,24926.0,24926.0,24926.0,0.0,0.0,20000.0
8400206,2029-08-04,44926.0,20000.0,24926.0,77.0,0.00743,10.123706832333092,0.0,0.0,0.0,0.0,0.0,0.0,0.0,0.0,0.0,24926.0,24926.0,24926.0,24926.0,0.0,0.0,20000.0
8400206,2029-08-05,44926.0,20000.0,24926.0,77.0,0.00743,10.123706832333092,0.0,0.0,0.0,0.0,0.0,0.0,0.0,0.0,0.0,24926.0,24926.0,24926.0,24926.0,0.0,0.0,20000.0
8400206,2029-08-06,44926.0,20000.0,24926.0,77.0,0.00743,10.123706832333092,0.0,0.0,0.0,0.0,0.0,0.0,0.0,0.0,0.0,24926.0,24926.0,24926.0,24926.0,0.0,0.0,20000.0
8400206,2029-08-07,44926.0,20000.0,24926.0,77.0,0.00743,10.123706832333092,0.0,0.0,0.0,0.0,0.0,0.0,0.0,0.0,0.0,24926.0,24926.0,24926.0,24926.0,0.0,0.0,20000.0
8400206,2029-08-08,44926.0,20000.0,24926.0,77.0,0.00743,10.123706832333092,0.0,0.0,0.0,0.0,0.0,0.0,0.0,0.0,0.0,24926.0,24926.0,24926.0,24926.0,0.0,0.0,20000.0
8400206,2029-08-09,44926.0,20000.0,24926.0,77.0,0.00743,10.123706832333092,0.0,0.0,0.0,0.0,0.0,0.0,0.0,0.0,0.0,24926.0,24926.0,24926.0,24926.0,0.0,0.0,20000.0
8400206,2029-08-10,44926.0,20000.0,24926.0,77.0,0.00743,10.123706832333092,0.0,0.0,0.0,0.0,0.0,0.0,0.0,0.0,0.0,24926.0,24926.0,24926.0,24926.0,0.0,0.0,20000.0
8400206,2029-08-11,44926.0,20000.0,24926.0,77.0,0.00743,10.123706832333092,0.0,0.0,0.0,0.0,0.0,0.0,0.0,0.0,0.0,24926.0,24926.0,24926.0,24926.0,0.0,0.0,20000.0
8400206,2029-08-12,44926.0,20000.0,24926.0,77.0,0.00743,10.123706832333092,0.0,0.0,0.0,0.0,0.0,0.0,0.0,0.0,0.0,24926.0,24926.0,24926.0,24926.0,0.0,0.0,20000.0
8400206,2029-08-13,44926.0,20000.0,24926.0,77.0,0.00743,10.123706832333092,0.0,0.0,0.0,0.0,0.0,0.0,0.0,0.0,0.0,24926.0,24926.0,24926.0,24926.0,0.0,0.0,20000.0
8400206,2029-08-14,44926.0,20000.0,24926.0,77.0,0.00743,10.123706832333092,0.0,0.0,0.0,0.0,0.0,0.0,0.0,0.0,0.0,24926.0,24926.0,24926.0,24926.0,0.0,0.0,20000.0
8400206,2029-08-15,44926.0,20000.0,24926.0,77.0,0.00743,10.123706832333092,0.0,0.0,0.0,0.0,0.0,0.0,0.0,0.0,0.0,24926.0,24926.0,24926.0,24926.0,0.0,0.0,20000.0
8400206,2029-08-16,44926.0,20000.0,24926.0,77.0,0.00743,10.123706832333092,0.0,0.0,0.0,0.0,0.0,0.0,0.0,0.0,0.0,24926.0,24926.0,24926.0,24926.0,0.0,0.0,20000.0
8400206,2029-08-17,44926.0,20000.0,24926.0,77.0,0.00743,10.123706832333092,0.0,0.0,0.0,0.0,0.0,0.0,0.0,0.0,0.0,24926.0,24926.0,24926.0,24926.0,0.0,0.0,20000.0
8400206,2029-08-18,44926.0,20000.0,24926.0,77.0,0.00743,10.123706832333092,0.0,0.0,0.0,0.0,0.0,0.0,0.0,0.0,0.0,24926.0,24926.0,24926.0,24926.0,0.0,0.0,20000.0
8400206,2029-08-19,44926.0,20000.0,24926.0,77.0,0.00743,10.123706832333092,0.0,0.0,0.0,0.0,0.0,0.0,0.0,0.0,0.0,24926.0,24926.0,24926.0,24926.0,0.0,0.0,20000.0
8400206,2029-08-20,44926.0,20000.0,24926.0,77.0,0.00743,10.123706832333092,0.0,0.0,0.0,0.0,0.0,0.0,0.0,0.0,0.0,24926.0,24926.0,24926.0,24926.0,0.0,0.0,20000.0
8400206,2029-08-21,44926.0,20000.0,24926.0,77.0,0.00743,10.123706832333092,0.0,0.0,0.0,0.0,0.0,0.0,0.0,0.0,0.0,24926.0,24926.0,24926.0,24926.0,0.0,0.0,20000.0
8400206,2029-08-22,44926.0,20000.0,24926.0,77.0,0.00743,10.123706832333092,0.0,0.0,0.0,0.0,0.0,0.0,0.0,0.0,0.0,24926.0,24926.0,24926.0,24926.0,0.0,0.0,20000.0
8400206,2029-08-23,44926.0,20000.0,24926.0,77.0,0.00743,10.123706832333092,0.0,0.0,0.0,0.0,0.0,0.0,0.0,0.0,0.0,24926.0,24926.0,24926.0,24926.0,0.0,0.0,20000.0
8400206,2029-08-24,44926.0,20000.0,24926.0,77.0,0.00743,10.123706832333092,0.0,0.0,0.0,0.0,0.0,0.0,0.0,0.0,0.0,24926.0,24926.0,24926.0,24926.0,0.0,0.0,20000.0
8400206,2029-08-25,44926.0,20000.0,24926.0,77.0,0.00743,10.123706832333092,0.0,0.0,0.0,0.0,0.0,0.0,0.0,0.0,0.0,24926.0,24926.0,24926.0,24926.0,0.0,0.0,20000.0
8400206,2029-08-26,44926.0,20000.0,24926.0,77.0,0.00743,10.123706832333092,0.0,0.0,0.0,0.0,0.0,0.0,0.0,0.0,0.0,24926.0,24926.0,24926.0,24926.0,0.0,0.0,20000.0
8400206,2029-08-27,44926.0,20000.0,24926.0,77.0,0.00743,10.123706832333092,0.0,0.0,0.0,0.0,0.0,0.0,0.0,0.0,0.0,24926.0,24926.0,24926.0,24926.0,0.0,0.0,20000.0
8400206,2029-08-28,44926.0,20000.0,24926.0,77.0,0.00743,10.123706832333092,0.0,0.0,0.0,0.0,0.0,0.0,0.0,0.0,0.0,24926.0,24926.0,24926.0,24926.0,0.0,0.0,20000.0
8400206,2029-08-29,44926.0,20000.0,24926.0,77.0,0.00743,10.123706832333092,0.0,0.0,0.0,0.0,0.0,0.0,0.0,0.0,0.0,24926.0,24926.0,24926.0,24926.0,0.0,0.0,20000.0
8400206,2029-08-30,44926.0,20000.0,24926.0,77.0,0.00743,10.123706832333092,0.0,0.0,0.0,0.0,0.0,0.0,0.0,0.0,0.0,24926.0,24926.0,24926.0,24926.0,0.0,0.0,20000.0
8400206,2029-08-31,44926.0,20000.0,24926.0,77.0,0.00743,10.123706832333092,0.0,0.0,0.0,0.0,0.0,0.0,0.0,0.0,0.0,24926.0,24926.0,24926.0,24926.0,0.0,0.0,20000.0
8400206,2029-09-01,44926.0,20000.0,24926.0,77.0,0.00743,10.123706832333092,0.0,0.0,0.0,0.0,0.0,0.0,0.0,0.0,0.0,24926.0,24926.0,24926.0,24926.0,0.0,0.0,20000.0
8400206,2029-09-02,44926.0,20000.0,24926.0,77.0,0.00743,10.123706832333092,0.0,0.0,0.0,0.0,0.0,0.0,0.0,0.0,0.0,24926.0,24926.0,24926.0,24926.0,0.0,0.0,20000.0
8400206,2029-09-03,44926.0,20000.0,24926.0,77.0,0.00743,10.123706832333092,0.0,0.0,0.0,0.0,0.0,0.0,0.0,0.0,0.0,24926.0,24926.0,24926.0,24926.0,0.0,0.0,20000.0
8400206,2029-09-04,44926.0,20000.0,24926.0,77.0,0.00743,10.123706832333092,0.0,0.0,0.0,0.0,0.0,0.0,0.0,0.0,0.0,24926.0,24926.0,24926.0,24926.0,0.0,0.0,20000.0
8400206,2029-09-05,44926.0,20000.0,24926.0,77.0,0.00743,10.123706832333092,0.0,0.0,0.0,0.0,0.0,0.0,0.0,0.0,0.0,24926.0,24926.0,24926.0,24926.0,0.0,0.0,20000.0
8400206,2029-09-06,44926.0,20000.0,24926.0,77.0,0.00743,10.123706832333092,0.0,0.0,0.0,0.0,0.0,0.0,0.0,0.0,0.0,24926.0,24926.0,24926.0,24926.0,0.0,0.0,20000.0
8400206,2029-09-07,44926.0,20000.0,24926.0,77.0,0.00743,10.123706832333092,0.0,0.0,0.0,0.0,0.0,0.0,0.0,0.0,0.0,24926.0,24926.0,24926.0,24926.0,0.0,0.0,20000.0
8400206,2029-09-08,44926.0,20000.0,24926.0,77.0,0.00743,10.123706832333092,0.0,0.0,0.0,0.0,0.0,0.0,0.0,0.0,0.0,24926.0,24926.0,24926.0,24926.0,0.0,0.0,20000.0
8400206,2029-09-09,44926.0,20000.0,24926.0,77.0,0.00743,10.123706832333092,0.0,0.0,0.0,0.0,0.0,0.0,0.0,0.0,0.0,24926.0,24926.0,24926.0,24926.0,0.0,0.0,20000.0
8400206,2029-09-10,44926.0,20000.0,24926.0,77.0,0.00743,10.123706832333092,0.0,0.0,0.0,0.0,0.0,0.0,0.0,0.0,0.0,24926.0,24926.0,24926.0,24926.0,0.0,0.0,20000.0
8400206,2029-09-11,44926.0,20000.0,24926.0,77.0,0.00743,10.123706832333092,0.0,0.0,0.0,0.0,0.0,0.0,0.0,0.0,0.0,24926.0,24926.0,24926.0,24926.0,0.0,0.0,20000.0
8400206,2029-09-12,44926.0,20000.0,24926.0,77.0,0.00743,10.123706832333092,0.0,0.0,0.0,0.0,0.0,0.0,0.0,0.0,0.0,24926.0,24926.0,24926.0,24926.0,0.0,0.0,20000.0
8400206,2029-09-13,44926.0,20000.0,24926.0,77.0,0.00743,10.123706832333092,0.0,0.0,0.0,0.0,0.0,0.0,0.0,0.0,0.0,24926.0,24926.0,24926.0,24926.0,0.0,0.0,20000.0
8400206,2029-09-14,44926.0,20000.0,24926.0,77.0,0.00743,10.123706832333092,0.0,0.0,0.0,0.0,0.0,0.0,0.0,0.0,0.0,24926.0,24926.0,24926.0,24926.0,0.0,0.0,20000.0
8400206,2029-09-15,44926.0,20000.0,24926.0,77.0,0.00743,10.123706832333092,0.0,0.0,0.0,0.0,0.0,0.0,0.0,0.0,0.0,24926.0,24926.0,24926.0,24926.0,0.0,0.0,20000.0
8400206,2029-09-16,44926.0,20000.0,24926.0,77.0,0.00743,10.123706832333092,0.0,0.0,0.0,0.0,0.0,0.0,0.0,0.0,0.0,24926.0,24926.0,24926.0,24926.0,0.0,0.0,20000.0
8400206,2029-09-17,44926.0,20000.0,24926.0,77.0,0.00743,10.123706832333092,0.0,0.0,0.0,0.0,0.0,0.0,0.0,0.0,0.0,24926.0,24926.0,24926.0,24926.0,0.0,0.0,20000.0
8400206,2029-09-18,44926.0,20000.0,24926.0,77.0,0.00743,10.123706832333092,0.0,0.0,0.0,0.0,0.0,0.0,0.0,0.0,0.0,24926.0,24926.0,24926.0,24926.0,0.0,0.0,20000.0
8400206,2029-09-19,44926.0,20000.0,24926.0,77.0,0.00743,10.123706832333092,0.0,0.0,0.0,0.0,0.0,0.0,0.0,0.0,0.0,24926.0,24926.0,24926.0,24926.0,0.0,0.0,20000.0
8400206,2029-09-20,44926.0,20000.0,24926.0,77.0,0.00743,10.123706832333092,0.0,0.0,0.0,0.0,0.0,0.0,0.0,0.0,0.0,24926.0,24926.0,24926.0,24926.0,0.0,0.0,20000.0
8400206,2029-09-21,44926.0,20000.0,24926.0,77.0,0.00743,10.123706832333092,0.0,0.0,0.0,0.0,0.0,0.0,0.0,0.0,0.0,24926.0,24926.0,24926.0,24926.0,0.0,0.0,20000.0
8400206,2029-09-22,44926.0,20000.0,24926.0,77.0,0.00743,10.123706832333092,0.0,0.0,0.0,0.0,0.0,0.0,0.0,0.0,0.0,24926.0,24926.0,24926.0,24926.0,0.0,0.0,20000.0
8400206,2029-09-23,44926.0,20000.0,24926.0,77.0,0.00743,10.123706832333092,0.0,0.0,0.0,0.0,0.0,0.0,0.0,0.0,0.0,24926.0,24926.0,24926.0,24926.0,0.0,0.0,20000.0
8400206,2029-09-24,44926.0,20000.0,24926.0,77.0,0.00743,10.123706832333092,0.0,0.0,0.0,0.0,0.0,0.0,0.0,0.0,0.0,24926.0,24926.0,24926.0,24926.0,0.0,0.0,20000.0
8400206,2029-09-25,44926.0,20000.0,24926.0,77.0,0.00743,10.123706832333092,0.0,0.0,0.0,0.0,0.0,0.0,0.0,0.0,0.0,24926.0,24926.0,24926.0,24926.0,0.0,0.0,20000.0
8400206,2029-09-26,44926.0,20000.0,24926.0,77.0,0.00743,10.123706832333092,0.0,0.0,0.0,0.0,0.0,0.0,0.0,0.0,0.0,24926.0,24926.0,24926.0,24926.0,0.0,0.0,20000.0
8400206,2029-09-27,44926.0,20000.0,24926.0,77.0,0.00743,10.123706832333092,0.0,0.0,0.0,0.0,0.0,0.0,0.0,0.0,0.0,24926.0,24926.0,24926.0,24926.0,0.0,0.0,20000.0
8400206,2029-09-28,44926.0,20000.0,24926.0,77.0,0.00743,10.123706832333092,0.0,0.0,0.0,0.0,0.0,0.0,0.0,0.0,0.0,24926.0,24926.0,24926.0,24926.0,0.0,0.0,20000.0
8400206,2029-09-29,44926.0,20000.0,24926.0,77.0,0.00743,10.123706832333092,0.0,0.0,0.0,0.0,0.0,0.0,0.0,0.0,0.0,24926.0,24926.0,24926.0,24926.0,0.0,0.0,20000.0
8400206,2029-09-30,44926.0,20000.0,24926.0,77.0,0.00743,10.123706832333092,0.0,0.0,0.0,0.0,0.0,0.0,0.0,0.0,0.0,24926.0,24926.0,24926.0,24926.0,0.0,0.0,20000.0
8400206,2029-10-01,44926.0,20000.0,24926.0,77.0,0.00743,10.123706832333092,0.0,0.0,0.0,0.0,0.0,0.0,0.0,0.0,0.0,24926.0,24926.0,24926.0,24926.0,0.0,0.0,20000.0
8400206,2029-10-02,44926.0,20000.0,24926.0,77.0,0.00743,10.123706832333092,0.0,0.0,0.0,0.0,0.0,0.0,0.0,0.0,0.0,24926.0,24926.0,24926.0,24926.0,0.0,0.0,20000.0
8400206,2029-10-03,44926.0,20000.0,24926.0,77.0,0.00743,10.123706832333092,0.0,0.0,0.0,0.0,0.0,0.0,0.0,0.0,0.0,24926.0,24926.0,24926.0,24926.0,0.0,0.0,20000.0
8400206,2029-10-04,44926.0,20000.0,24926.0,77.0,0.00743,10.123706832333092,0.0,0.0,0.0,0.0,0.0,0.0,0.0,0.0,0.0,24926.0,24926.0,24926.0,24926.0,0.0,0.0,20000.0
8400206,2029-10-05,44926.0,20000.0,24926.0,77.0,0.00743,10.123706832333092,0.0,0.0,0.0,0.0,0.0,0.0,0.0,0.0,0.0,24926.0,24926.0,24926.0,24926.0,0.0,0.0,20000.0
8400206,2029-10-06,44926.0,20000.0,24926.0,77.0,0.00743,10.123706832333092,0.0,0.0,0.0,0.0,0.0,0.0,0.0,0.0,0.0,24926.0,24926.0,24926.0,24926.0,0.0,0.0,20000.0
8400206,2029-10-07,44926.0,20000.0,24926.0,77.0,0.00743,10.123706832333092,0.0,0.0,0.0,0.0,0.0,0.0,0.0,0.0,0.0,24926.0,24926.0,24926.0,24926.0,0.0,0.0,20000.0
8400206,2029-10-08,44926.0,20000.0,24926.0,77.0,0.00743,10.123706832333092,0.0,0.0,0.0,0.0,0.0,0.0,0.0,0.0,0.0,24926.0,24926.0,24926.0,24926.0,0.0,0.0,20000.0
8400206,2029-10-09,44926.0,20000.0,24926.0,77.0,0.00743,10.123706832333092,0.0,0.0,0.0,0.0,0.0,0.0,0.0,0.0,0.0,24926.0,24926.0,24926.0,24926.0,0.0,0.0,20000.0
8400206,2029-10-10,44926.0,20000.0,24926.0,77.0,0.00743,10.123706832333092,0.0,0.0,0.0,0.0,0.0,0.0,0.0,0.0,0.0,24926.0,24926.0,24926.0,24926.0,0.0,0.0,20000.0
8400206,2029-10-11,44926.0,20000.0,24926.0,77.0,0.00743,10.123706832333092,0.0,0.0,0.0,0.0,0.0,0.0,0.0,0.0,0.0,24926.0,24926.0,24926.0,24926.0,0.0,0.0,20000.0
8400206,2029-10-12,44926.0,20000.0,24926.0,77.0,0.00743,10.123706832333092,0.0,0.0,0.0,0.0,0.0,0.0,0.0,0.0,0.0,24926.0,24926.0,24926.0,24926.0,0.0,0.0,20000.0
8400206,2029-10-13,44926.0,20000.0,24926.0,77.0,0.00743,10.123706832333092,0.0,0.0,0.0,0.0,0.0,0.0,0.0,0.0,0.0,24926.0,24926.0,24926.0,24926.0,0.0,0.0,20000.0
8400206,2029-10-14,44926.0,20000.0,24926.0,77.0,0.00743,10.123706832333092,0.0,0.0,0.0,0.0,0.0,0.0,0.0,0.0,0.0,24926.0,24926.0,24926.0,24926.0,0.0,0.0,20000.0
8400206,2029-10-15,44926.0,20000.0,24926.0,77.0,0.00743,10.123706832333092,0.0,0.0,0.0,0.0,0.0,0.0,0.0,0.0,0.0,24926.0,24926.0,24926.0,24926.0,0.0,0.0,20000.0
8400206,2029-10-16,44926.0,20000.0,24926.0,77.0,0.00743,10.123706832333092,0.0,0.0,0.0,0.0,0.0,0.0,0.0,0.0,0.0,24926.0,24926.0,24926.0,24926.0,0.0,0.0,20000.0
8400206,2029-10-17,44926.0,20000.0,24926.0,77.0,0.00743,10.123706832333092,0.0,0.0,0.0,0.0,0.0,0.0,0.0,0.0,0.0,24926.0,24926.0,24926.0,24926.0,0.0,0.0,20000.0
8400206,2029-10-18,44926.0,20000.0,24926.0,77.0,0.00743,10.123706832333092,0.0,0.0,0.0,0.0,0.0,0.0,0.0,0.0,0.0,24926.0,24926.0,24926.0,24926.0,0.0,0.0,20000.0
8400206,2029-10-19,44926.0,20000.0,24926.0,77.0,0.00743,10.123706832333092,0.0,0.0,0.0,0.0,0.0,0.0,0.0,0.0,0.0,24926.0,24926.0,24926.0,24926.0,0.0,0.0,20000.0
8400206,2029-10-20,44926.0,20000.0,24926.0,77.0,0.00743,10.123706832333092,0.0,0.0,0.0,0.0,0.0,0.0,0.0,0.0,0.0,24926.0,24926.0,24926.0,24926.0,0.0,0.0,20000.0
8400206,2029-10-21,44926.0,20000.0,24926.0,77.0,0.00743,10.123706832333092,0.0,0.0,0.0,0.0,0.0,0.0,0.0,0.0,0.0,24926.0,24926.0,24926.0,24926.0,0.0,0.0,20000.0
8400206,2029-10-22,44926.0,20000.0,24926.0,77.0,0.00743,10.123706832333092,0.0,0.0,0.0,0.0,0.0,0.0,0.0,0.0,0.0,24926.0,24926.0,24926.0,24926.0,0.0,0.0,20000.0
8400206,2029-10-23,44926.0,20000.0,24926.0,77.0,0.00743,10.123706832333092,0.0,0.0,0.0,0.0,0.0,0.0,0.0,0.0,0.0,24926.0,24926.0,24926.0,24926.0,0.0,0.0,20000.0
8400206,2029-10-24,44926.0,20000.0,24926.0,77.0,0.00743,10.123706832333092,0.0,0.0,0.0,0.0,0.0,0.0,0.0,0.0,0.0,24926.0,24926.0,24926.0,24926.0,0.0,0.0,20000.0
8400206,2029-10-25,44926.0,20000.0,24926.0,77.0,0.00743,10.123706832333092,0.0,0.0,0.0,0.0,0.0,0.0,0.0,0.0,0.0,24926.0,24926.0,24926.0,24926.0,0.0,0.0,20000.0
8400206,2029-10-26,44926.0,20000.0,24926.0,77.0,0.00743,10.123706832333092,0.0,0.0,0.0,0.0,0.0,0.0,0.0,0.0,0.0,24926.0,24926.0,24926.0,24926.0,0.0,0.0,20000.0
8400206,2029-10-27,44926.0,20000.0,24926.0,77.0,0.00743,10.123706832333092,0.0,0.0,0.0,0.0,0.0,0.0,0.0,0.0,0.0,24926.0,24926.0,24926.0,24926.0,0.0,0.0,20000.0
8400206,2029-10-28,44926.0,20000.0,24926.0,77.0,0.00743,10.123706832333092,0.0,0.0,0.0,0.0,0.0,0.0,0.0,0.0,0.0,24926.0,24926.0,24926.0,24926.0,0.0,0.0,20000.0
8400206,2029-10-29,44926.0,20000.0,24926.0,77.0,0.00743,10.123706832333092,0.0,0.0,0.0,0.0,0.0,0.0,0.0,0.0,0.0,24926.0,24926.0,24926.0,24926.0,0.0,0.0,20000.0
8400206,2029-10-30,44926.0,20000.0,24926.0,77.0,0.00743,10.123706832333092,0.0,0.0,0.0,0.0,0.0,0.0,0.0,0.0,0.0,24926.0,24926.0,24926.0,24926.0,0.0,0.0,20000.0
8400206,2029-10-31,44926.0,20000.0,24926.0,77.0,0.00743,10.123706832333092,0.0,0.0,0.0,0.0,0.0,0.0,0.0,0.0,0.0,24926.0,24926.0,24926.0,24926.0,0.0,0.0,20000.0
8400206,2029-11-01,44926.0,20000.0,24926.0,77.0,0.00743,10.123706832333092,0.0,0.0,0.0,0.0,0.0,0.0,0.0,0.0,0.0,24926.0,24926.0,24926.0,24926.0,0.0,0.0,20000.0
8400206,2029-11-02,44926.0,20000.0,24926.0,77.0,0.00743,10.123706832333092,0.0,0.0,0.0,0.0,0.0,0.0,0.0,0.0,0.0,24926.0,24926.0,24926.0,24926.0,0.0,0.0,20000.0
8400206,2029-11-03,44926.0,20000.0,24926.0,77.0,0.00743,10.123706832333092,0.0,0.0,0.0,0.0,0.0,0.0,0.0,0.0,0.0,24926.0,24926.0,24926.0,24926.0,0.0,0.0,20000.0
8400206,2029-11-04,44926.0,20000.0,24926.0,77.0,0.00743,10.123706832333092,0.0,0.0,0.0,0.0,0.0,0.0,0.0,0.0,0.0,24926.0,24926.0,24926.0,24926.0,0.0,0.0,20000.0
8400206,2029-11-05,44926.0,20000.0,24926.0,77.0,0.00743,10.123706832333092,0.0,0.0,0.0,0.0,0.0,0.0,0.0,0.0,0.0,24926.0,24926.0,24926.0,24926.0,0.0,0.0,20000.0
8400206,2029-11-06,44926.0,20000.0,24926.0,77.0,0.00743,10.123706832333092,0.0,0.0,0.0,0.0,0.0,0.0,0.0,0.0,0.0,24926.0,24926.0,24926.0,24926.0,0.0,0.0,20000.0
8400206,2029-11-07,44926.0,20000.0,24926.0,77.0,0.00743,10.123706832333092,0.0,0.0,0.0,0.0,0.0,0.0,0.0,0.0,0.0,24926.0,24926.0,24926.0,24926.0,0.0,0.0,20000.0
8400206,2029-11-08,44926.0,20000.0,24926.0,77.0,0.00743,10.123706832333092,0.0,0.0,0.0,0.0,0.0,0.0,0.0,0.0,0.0,24926.0,24926.0,24926.0,24926.0,0.0,0.0,20000.0
8400206,2029-11-09,44926.0,20000.0,24926.0,77.0,0.00743,10.123706832333092,0.0,0.0,0.0,0.0,0.0,0.0,0.0,0.0,0.0,24926.0,24926.0,24926.0,24926.0,0.0,0.0,20000.0
8400206,2029-11-10,44926.0,20000.0,24926.0,77.0,0.00743,10.123706832333092,0.0,0.0,0.0,0.0,0.0,0.0,0.0,0.0,0.0,24926.0,24926.0,24926.0,24926.0,0.0,0.0,20000.0
8400206,2029-11-11,44926.0,20000.0,24926.0,77.0,0.00743,10.123706832333092,0.0,0.0,0.0,0.0,0.0,0.0,0.0,0.0,0.0,24926.0,24926.0,24926.0,24926.0,0.0,0.0,20000.0
8400206,2029-11-12,44926.0,20000.0,24926.0,77.0,0.00743,10.123706832333092,0.0,0.0,0.0,0.0,0.0,0.0,0.0,0.0,0.0,24926.0,24926.0,24926.0,24926.0,0.0,0.0,20000.0
8400206,2029-11-13,44926.0,20000.0,24926.0,77.0,0.00743,10.123706832333092,0.0,0.0,0.0,0.0,0.0,0.0,0.0,0.0,0.0,24926.0,24926.0,24926.0,24926.0,0.0,0.0,20000.0
8400206,2029-11-14,44926.0,20000.0,24926.0,77.0,0.00743,10.123706832333092,0.0,0.0,0.0,0.0,0.0,0.0,0.0,0.0,0.0,24926.0,24926.0,24926.0,24926.0,0.0,0.0,20000.0
8400206,2029-11-15,44926.0,20000.0,24926.0,77.0,0.00743,10.123706832333092,0.0,0.0,0.0,0.0,0.0,0.0,0.0,0.0,0.0,24926.0,24926.0,24926.0,24926.0,0.0,0.0,20000.0
8400206,2029-11-16,44926.0,20000.0,24926.0,77.0,0.00743,10.123706832333092,0.0,0.0,0.0,0.0,0.0,0.0,0.0,0.0,0.0,24926.0,24926.0,24926.0,24926.0,0.0,0.0,20000.0
8400206,2029-11-17,44926.0,20000.0,24926.0,77.0,0.00743,10.123706832333092,0.0,0.0,0.0,0.0,0.0,0.0,0.0,0.0,0.0,24926.0,24926.0,24926.0,24926.0,0.0,0.0,20000.0
8400206,2029-11-18,44926.0,20000.0,24926.0,77.0,0.00743,10.123706832333092,0.0,0.0,0.0,0.0,0.0,0.0,0.0,0.0,0.0,24926.0,24926.0,24926.0,24926.0,0.0,0.0,20000.0
8400206,2029-11-19,44926.0,20000.0,24926.0,77.0,0.00743,10.123706832333092,0.0,0.0,0.0,0.0,0.0,0.0,0.0,0.0,0.0,24926.0,24926.0,24926.0,24926.0,0.0,0.0,20000.0
8400206,2029-11-20,44926.0,20000.0,24926.0,77.0,0.00743,10.123706832333092,0.0,0.0,0.0,0.0,0.0,0.0,0.0,0.0,0.0,24926.0,24926.0,24926.0,24926.0,0.0,0.0,20000.0
8400206,2029-11-21,44926.0,20000.0,24926.0,77.0,0.00743,10.123706832333092,0.0,0.0,0.0,0.0,0.0,0.0,0.0,0.0,0.0,24926.0,24926.0,24926.0,24926.0,0.0,0.0,20000.0
8400206,2029-11-22,44926.0,20000.0,24926.0,77.0,0.00743,10.123706832333092,0.0,0.0,0.0,0.0,0.0,0.0,0.0,0.0,0.0,24926.0,24926.0,24926.0,24926.0,0.0,0.0,20000.0
8400206,2029-11-23,44926.0,20000.0,24926.0,77.0,0.00743,10.123706832333092,0.0,0.0,0.0,0.0,0.0,0.0,0.0,0.0,0.0,24926.0,24926.0,24926.0,24926.0,0.0,0.0,20000.0
8400206,2029-11-24,44926.0,20000.0,24926.0,77.0,0.00743,10.123706832333092,0.0,0.0,0.0,0.0,0.0,0.0,0.0,0.0,0.0,24926.0,24926.0,24926.0,24926.0,0.0,0.0,20000.0
8400206,2029-11-25,44926.0,20000.0,24926.0,77.0,0.00743,10.123706832333092,0.0,0.0,0.0,0.0,0.0,0.0,0.0,0.0,0.0,24926.0,24926.0,24926.0,24926.0,0.0,0.0,20000.0
8400206,2029-11-26,44926.0,20000.0,24926.0,77.0,0.00743,10.123706832333092,0.0,0.0,0.0,0.0,0.0,0.0,0.0,0.0,0.0,24926.0,24926.0,24926.0,24926.0,0.0,0.0,20000.0
8400206,2029-11-27,44926.0,20000.0,24926.0,77.0,0.00743,10.123706832333092,0.0,0.0,0.0,0.0,0.0,0.0,0.0,0.0,0.0,24926.0,24926.0,24926.0,24926.0,0.0,0.0,20000.0
8400206,2029-11-28,44926.0,20000.0,24926.0,77.0,0.00743,10.123706832333092,0.0,0.0,0.0,0.0,0.0,0.0,0.0,0.0,0.0,24926.0,24926.0,24926.0,24926.0,0.0,0.0,20000.0
8400206,2029-11-29,44926.0,20000.0,24926.0,77.0,0.00743,10.123706832333092,0.0,0.0,0.0,0.0,0.0,0.0,0.0,0.0,0.0,24926.0,24926.0,24926.0,24926.0,0.0,0.0,20000.0
8400206,2029-11-30,44926.0,20000.0,24926.0,77.0,0.00743,10.123706832333092,0.0,0.0,0.0,0.0,0.0,0.0,0.0,0.0,0.0,24926.0,24926.0,24926.0,24926.0,0.0,0.0,20000.0
8400206,2029-12-01,44926.0,20000.0,24926.0,77.0,0.00743,10.123706832333092,0.0,0.0,0.0,0.0,0.0,0.0,0.0,0.0,0.0,24926.0,24926.0,24926.0,24926.0,0.0,0.0,20000.0
8400206,2029-12-02,44926.0,20000.0,24926.0,77.0,0.00743,10.123706832333092,0.0,0.0,0.0,0.0,0.0,0.0,0.0,0.0,0.0,24926.0,24926.0,24926.0,24926.0,0.0,0.0,20000.0
8400206,2029-12-03,44926.0,20000.0,24926.0,77.0,0.00743,10.123706832333092,0.0,0.0,0.0,0.0,0.0,0.0,0.0,0.0,0.0,24926.0,24926.0,24926.0,24926.0,0.0,0.0,20000.0
8400206,2029-12-04,44926.0,20000.0,24926.0,77.0,0.00743,10.123706832333092,0.0,0.0,0.0,0.0,0.0,0.0,0.0,0.0,0.0,24926.0,24926.0,24926.0,24926.0,0.0,0.0,20000.0
8400206,2029-12-05,44926.0,20000.0,24926.0,77.0,0.00743,10.123706832333092,0.0,0.0,0.0,0.0,0.0,0.0,0.0,0.0,0.0,24926.0,24926.0,24926.0,24926.0,0.0,0.0,20000.0
8400206,2029-12-06,44926.0,20000.0,24926.0,77.0,0.00743,10.123706832333092,0.0,0.0,0.0,0.0,0.0,0.0,0.0,0.0,0.0,24926.0,24926.0,24926.0,24926.0,0.0,0.0,20000.0
8400206,2029-12-07,44926.0,20000.0,24926.0,77.0,0.00743,10.123706832333092,0.0,0.0,0.0,0.0,0.0,0.0,0.0,0.0,0.0,24926.0,24926.0,24926.0,24926.0,0.0,0.0,20000.0
8400206,2029-12-08,44926.0,20000.0,24926.0,77.0,0.00743,10.123706832333092,0.0,0.0,0.0,0.0,0.0,0.0,0.0,0.0,0.0,24926.0,24926.0,24926.0,24926.0,0.0,0.0,20000.0
8400206,2029-12-09,44926.0,20000.0,24926.0,77.0,0.00743,10.123706832333092,0.0,0.0,0.0,0.0,0.0,0.0,0.0,0.0,0.0,24926.0,24926.0,24926.0,24926.0,0.0,0.0,20000.0
8400206,2029-12-10,44926.0,20000.0,24926.0,77.0,0.00743,10.123706832333092,0.0,0.0,0.0,0.0,0.0,0.0,0.0,0.0,0.0,24926.0,24926.0,24926.0,24926.0,0.0,0.0,20000.0
8400206,2029-12-11,44926.0,20000.0,24926.0,77.0,0.00743,10.123706832333092,0.0,0.0,0.0,0.0,0.0,0.0,0.0,0.0,0.0,24926.0,24926.0,24926.0,24926.0,0.0,0.0,20000.0
8400206,2029-12-12,44926.0,20000.0,24926.0,77.0,0.00743,10.123706832333092,0.0,0.0,0.0,0.0,0.0,0.0,0.0,0.0,0.0,24926.0,24926.0,24926.0,24926.0,0.0,0.0,20000.0
8400206,2029-12-13,44926.0,20000.0,24926.0,77.0,0.00743,10.123706832333092,0.0,0.0,0.0,0.0,0.0,0.0,0.0,0.0,0.0,24926.0,24926.0,24926.0,24926.0,0.0,0.0,20000.0
8400206,2029-12-14,44926.0,20000.0,24926.0,77.0,0.00743,10.123706832333092,0.0,0.0,0.0,0.0,0.0,0.0,0.0,0.0,0.0,24926.0,24926.0,24926.0,24926.0,0.0,0.0,20000.0
8400206,2029-12-15,44926.0,20000.0,24926.0,77.0,0.00743,10.123706832333092,0.0,0.0,0.0,0.0,0.0,0.0,0.0,0.0,0.0,24926.0,24926.0,24926.0,24926.0,0.0,0.0,20000.0
8400206,2029-12-16,44926.0,20000.0,24926.0,77.0,0.00743,10.123706832333092,0.0,0.0,0.0,0.0,0.0,0.0,0.0,0.0,0.0,24926.0,24926.0,24926.0,24926.0,0.0,0.0,20000.0
8400206,2029-12-17,44926.0,20000.0,24926.0,77.0,0.00743,10.123706832333092,0.0,0.0,0.0,0.0,0.0,0.0,0.0,0.0,0.0,24926.0,24926.0,24926.0,24926.0,0.0,0.0,20000.0
8400206,2029-12-18,44776.0,20000.0,24776.0,77.0,0.00743,10.117671082478827,0.0,0.0,0.0,0.0,0.0,0.0,0.0,0.0,0.0,24926.0,24926.0,24926.0,24926.0,0.0,0.0,20000.0
